version: 1
creator: callgrind-3.11.0
pid: 18316
cmd:  samples/bbsort -n samples/thousand
part: 1


desc: I1 cache: 
desc: D1 cache: 
desc: LL cache: 

desc: Timerange: Basic block 0 - 1535514
desc: Trigger: Program termination

positions: line
events: Ir
summary: 5612135


ob=(2) ???
fl=(16) ???
fn=(496) 0x0000000004c498a8
0 3
cob=(3) /lib/x86_64-linux-gnu/libc-2.23.so
cfi=(73) /build/glibc-Cl5G7W/glibc-2.23/malloc/malloc.c
cfn=(498) free
calls=3 2934 
0 436

fn=(618) 0x0000000000402028
0 3

fn=(376) 0x0000000004c498a0
0 4
cob=(3)
cfi=(73)
cfn=(378) malloc
calls=4 2902 
0 1136

fn=(216) 0x0000000004a28530
0 6

fn=(274) 0x0000000000400ac0
0 6

fn=(626) 0x0000000004a28570
0 1
cob=(3)
cfi=(124) /build/glibc-Cl5G7W/glibc-2.23/stdlib/cxa_finalize.c
cfn=(628) __cxa_finalize
calls=1 31 
0 56

fn=(640) 0x0000000004a287b8
0 3

fn=(82) 0x0000000004000ab0
0 1
cob=(1) /lib/x86_64-linux-gnu/ld-2.23.so
cfi=(17) /build/glibc-Cl5G7W/glibc-2.23/elf/dl-minimal.c
cfn=(84) free
calls=1 120 
0 6

ob=(4) /usr/lib/valgrind/vgpreload_core-amd64-linux.so
fl=(55) ???
fn=(220) 0x0000000000000650
0 17

fn=(620) 0x0000000000000610
0 8
cob=(2)
cfi=(16)
cfn=(626)
calls=1 0 
0 57
0 1
cfn=(634) 0x0000000000000580
calls=1 0 
0 9
0 3

fn=(634)
0 9

ob=(1)
fl=(42) /build/glibc-Cl5G7W/glibc-2.23/io/../sysdeps/unix/sysv/linux/wordsize-64/xstat.c
fn=(140) _xstat
34 4
-1 4
+1 4
+1 24
+4 1
-4 12

fl=(44) /build/glibc-Cl5G7W/glibc-2.23/elf/dl-version.c
fn=(158) match_symbol
76 66
+9 6
-8 6
-1 12
+1 6
+8 6
+6 18
+15 6
+1 12
+2 6
+5 12
+14 74
+12 93
+4 31
-30 62
+19 30
cfi=(19) /build/glibc-Cl5G7W/glibc-2.23/string/../sysdeps/x86_64/multiarch/../strcmp.S
cfn=(54) strcmp
calls=6 +11 
* 185
* 12
+35 48

fn=(156) _dl_check_map_versions
189 12
-15 36
+17 4
+3 12
-3 4
+2 4
+1 4
+2 4
-3 4
+3 4
+3 4
+4 2
-4 2
+4 8
+17 2
56 4
220 2
56 10
+1 5
-1 10
+2 21
cfi=(34) /build/glibc-Cl5G7W/glibc-2.23/elf/dl-misc.c
cfn=(106) _dl_name_match_p
calls=7 288 
* 745
* 16
228 6
+5 16
+19 4
-15 102
cfn=(158)
calls=4 76 
* 509
* 8
cfn=(158)
calls=2 76 
* 182
* 6
+7 36
+3 18
+9 12
+14 4
+3 8
+10 28
-7 112
+3 84
-3 8
+3 6
+8 9
+87 8
-81 12
cfi=(17)
cfn=(36) calloc
calls=3 103 
* 114
* 3
+1 3
-2 3
+2 3
+11 3
+2 3
-5 3
+3 3
+2 3
-2 3
+2 3
+3 8
+4 6
+18 4
-15 12
+2 12
-2 6
+2 6
+2 6
+1 6
-1 12
+1 6
-1 6
+1 6
+1 6
-2 6
+2 12
+1 18
+3 18
+8 6
+10 9
+3 8
+20 28
-14 60
-2 28
+7 56
+1 28
-1 84
+1 28
-1 28
+1 28
+1 28
+3 90
+10 27
183 2
-8 2
+95 4
-80 2

fn=(154) _dl_check_all_versions
380 5
+4 7
+2 28
cfn=(156)
calls=4 189 
* 2946
-2 4
+2 12
-1 4
-1 8
+5 7

fl=(30) /build/glibc-Cl5G7W/glibc-2.23/elf/dl-tls.c
fn=(164) _dl_allocate_tls_storage
354 3
+2 1
+11 3
cfi=(17)
cfn=(44) __libc_memalign
calls=1 52 
* 76
* 1
+1 2
+7 2
+4 1
-57 1
+57 296
-58 2
+1 2
cfi=(17)
cfn=(36)
calls=1 103 
* 38
* 1
+1 2
+3 1
+6 2
+64 5

fn=(148) _dl_next_tls_modid
49 1
+3 4
+48 1
+4 2

fn=(162) _dl_determine_tlsoffset
138 7
+6 3
+3 2
+36 3
+2 10
+3 1
-1 1
+5 2
-5 3
+3 3
+2 5
+16 3
+2 2
-2 2
+2 2
+10 1
-37 2
+25 1
-25 4
+40 4
+1 1
+51 1
+1 8

fn=(202) _dl_allocate_tls_init
450 2
-1 7
+5 1
+6 3
-6 1
+6 1
-4 1
+16 1
-15 3
+20 6
+6 16
+3 1
+1 2
+6 3
+3 1
-2 2
+2 4
+1 1
+3 1
-1 3
+4 2
+1 4
+2 2
+9 6
cfi=(25) /build/glibc-Cl5G7W/glibc-2.23/string/../sysdeps/x86_64/memcpy.S
cfn=(70) mempcpy
calls=1 61 
* 23
* 4
cfi=(26) /build/glibc-Cl5G7W/glibc-2.23/string/../sysdeps/x86_64/multiarch/../memset.S
cfn=(72) memset
calls=1 53 
* 30
* 2
-38 3
+52 2
+2 1
+1 8

fn=(88) _dl_count_modids
115 2
+1 2

fn=(200) _dl_add_to_slotinfo
890 3
+9 1
-9 1
+6 2
+8 5
+41 1
+1 3
+1 4

fl=(54) /build/glibc-Cl5G7W/glibc-2.23/elf/dl-init.c
fn=(214) call_init.part.0
28 20
+8 4
+3 4
-3 8
+3 12
+5 21
+5 4
+9 12
cob=(3)
cfi=(56) /build/glibc-Cl5G7W/glibc-2.23/csu/../csu/init-first.c
cfn=(228) _init
calls=1 -6 
* 176
cob=(2)
cfi=(16)
cfn=(216)
calls=1 -58 
* 6
* 2
+4 4
+6 2
+2 4
-2 4
+3 10
+1 8
cob=(3)
cfi=(62) /build/glibc-Cl5G7W/glibc-2.23/string/../sysdeps/x86_64/cacheinfo.c
cfn=(240) init_cacheinfo
calls=1 482 
* 1161
cob=(4)
cfi=(55)
cfn=(220)
calls=1 -72 
* 17
* 4
cob=(3)
cfi=(64) /build/glibc-Cl5G7W/glibc-2.23/elf/dl-altinit.c
cfn=(248) dlinit_alt
calls=1 -39 
* 4
* 3
-1 6
+3 24
-29 3
-5 3

fn=(212) _dl_init
80 11
+1 1
+1 1
+3 3
+8 2
+1 2
+25 15
+1 12
-90 20
cfn=(214)
calls=3 -2 
* 1450
* 3
+96 8
-96 2
+58 2
+16 1
cfn=(214)
calls=1 -76 
* 76
* 1

fl=(29) /build/glibc-Cl5G7W/glibc-2.23/elf/dl-debug.c
fn=(90) _dl_debug_state
74 2

fn=(86) _dl_debug_initialize
50 8
+5 6
+5 2
-1 1
+1 2
+1 2
-1 1
+4 1
-13 4
+4 8
+4 1
-1 1
-58 4

fl=(10) /build/glibc-Cl5G7W/glibc-2.23/elf/../sysdeps/unix/sysv/linux/x86_64/brk.c
fn=(18) brk
31 7
+8 1
-6 2
+7 1

fl=(7) /build/glibc-Cl5G7W/glibc-2.23/elf/../elf/dl-sysdep.c
fn=(204) _dl_sysdep_start_cleanup
256 1

fn=(12) _dl_sysdep_start
86 8
+25 1
-1 1
+1 87
+6 1
-3 1
+1 1
-4 1
+3 1
+3 4
+1 2
-1 25
+1 105
-1 102
+62 1
+1 1
-1 1
+1 1
-29 1
+1 2
+11 1
+1 1
-1 1
+1 1
-7 1
+1 1
-1 1
+1 1
-4 1
+1 2
-25 1
+1 2
-4 1
+1 2
-7 1
+1 1
+2 1
+1 1
fi=(9) /build/glibc-Cl5G7W/glibc-2.23/elf/../sysdeps/unix/sysv/linux/dl-sysdep.c
-90 2
cfi=(10)
cfn=(18)
calls=1 -4 
* 11
fi=(5) /build/glibc-Cl5G7W/glibc-2.23/elf/../sysdeps/x86_64/dl-machine.h
223 5
fi=(8) /build/glibc-Cl5G7W/glibc-2.23/elf/../sysdeps/x86/cpu-features.c
61 2
+3 1
-3 1
+3 9
175 3
+1 1
+3 2
+1 1
+2 2
+1 7
+7 3
+4 2
+2 4
+51 2
fe=(7)
-16 1
fi=(8)
+27 1
+1 1
+1 1
fe=(7)
-29 1
+1 1
cfi=(11) /build/glibc-Cl5G7W/glibc-2.23/string/../sysdeps/x86_64/strlen.S
cfn=(22) strlen
calls=1 66 
* 32
* 1
+2 2
cfi=(12) /build/glibc-Cl5G7W/glibc-2.23/elf/../misc/sbrk.c
cfn=(24) sbrk
calls=1 34 
* 17
* 3
+12 3
+3 5
cfi=(2) /build/glibc-Cl5G7W/glibc-2.23/elf/rtld.c
cfn=(26) dl_main
calls=1 790 
* 90121
+1 1
+1 8
fi=(8)
-4 2
+1 2
+4 2
-52 2
+1 1
+6 3
+2 1
+3 3
+16 2
+1 1
+2 2
29 2
+4 1
-4 1
+5 1
-1 1
+2 1
-1 1
+1 1
-2 1
+1 1
+1 1
+1 1
-7 2
+3 1
+4 1
+5 1
+32 2
-32 1
+27 1
+5 1
+3 1
+1 8
+57 2
-66 2
+44 2
248 2
+3 2
fe=(7)

fl=(34)
fn=(106)
288 335
+1 134
cfi=(19)
cfn=(54)
calls=67 144 
* 2220
* 67
+1 67
-1 67
+3 67
+2 134
+4 68
-4 136
+1 213
cfi=(19)
cfn=(54)
calls=71 144 
* 2440
* 142
-5 3
+11 79
-1 64
+1 256

fn=(144) _dl_sysdep_read_whole_file
45 2
+7 1
-7 3
+7 1
-7 3
+7 1
cfi=(24) /build/glibc-Cl5G7W/glibc-2.23/io/../sysdeps/unix/syscall-template.S
cfn=(110) open
calls=1 +32 
* 5
+1 2
+2 5
cfi=(36) /build/glibc-Cl5G7W/glibc-2.23/io/../sysdeps/unix/sysv/linux/wordsize-64/fxstat.c
cfn=(120) _fxstat
calls=1 -21 
* 10
* 2
+2 1
+3 1
-3 1
+3 1
+13 2
cfi=(24)
cfn=(132) close
calls=1 +11 
* 5
+3 7
-14 6
cfi=(37) /build/glibc-Cl5G7W/glibc-2.23/misc/../sysdeps/unix/sysv/linux/wordsize-64/mmap.c
cfn=(122) mmap
calls=1 -29 
* 33
* 2

fl=(45) /build/glibc-Cl5G7W/glibc-2.23/elf/dl-reloc.c
fn=(166) _dl_relocate_object
149 40
+15 4
-15 8
+15 4
+1 24
+6 8
+6 12
-18 8
+22 8
+7 4
-32 4
+32 4
+44 4
fi=(5)
76 12
fe=(45)
232 8
fi=(5)
76 12
+6 6
+4 9
+14 3
-8 3
+10 3
-2 6
+20 6
+9 3
fe=(45)
258 164
-98 18
fi=(5)
301 24
fe=(45)
-43 3
fi=(4) /build/glibc-Cl5G7W/glibc-2.23/elf/do-rel.h
58 3
-10 3
-1 6
+11 3
-11 3
+11 3
fe=(45)
258 1
-98 6
fi=(5)
301 8
fe=(45)
-43 1
fi=(4)
58 1
-10 1
-1 2
+11 1
-11 1
+11 1
fe=(45)
258 4
fi=(4)
58 4
-10 4
-1 8
+11 4
-11 4
+11 4
+3 15
fi=(5)
528 66
+4 66
+2 99
+1 33
fi=(4)
61 120
+2 164
+2 26
-4 3
+13 6
+1 5
+1 16
fi=(5)
528 8
+26 8
fi=(4)
75 8
fi=(5)
554 16
cob=(3)
cfi=(53) ???
cfn=(198) memcpy@GLIBC_2.2.5
calls=1 0 
* 11
cob=(3)
cfi=(52) /build/glibc-Cl5G7W/glibc-2.23/time/../sysdeps/unix/sysv/linux/x86/gettimeofday.c
cfn=(194) gettimeofday
calls=1 37 
* 66
cob=(3)
cfi=(51) /build/glibc-Cl5G7W/glibc-2.23/string/../sysdeps/x86_64/multiarch/strspn.S
cfn=(192) strspn
calls=1 30 
* 6
cob=(3)
cfi=(50) /build/glibc-Cl5G7W/glibc-2.23/string/../sysdeps/x86_64/multiarch/strcspn.S
cfn=(190) strpbrk
calls=1 45 
* 6
cob=(3)
cfi=(46) /build/glibc-Cl5G7W/glibc-2.23/string/../sysdeps/x86_64/multiarch/strcmp.S
cfn=(188) strncasecmp
calls=1 129 
* 5
cob=(3)
cfi=(50)
cfn=(186) strcspn
calls=1 45 
* 6
cob=(3)
cfi=(47) /build/glibc-Cl5G7W/glibc-2.23/time/../sysdeps/unix/sysv/linux/x86/time.c
cfn=(180) time
calls=1 38 
* 66
cob=(3)
cfi=(46)
cfn=(178) strcasecmp
calls=1 109 
* 5
fi=(4)
75 8
fi=(5)
555 8
fi=(4)
75 11
fe=(45)
258 2
fi=(4)
75 14
fe=(45)
258 14
+3 16
+24 4
+3 8
+17 12
+2 32
fi=(4)
84 5
-1 5
+3 10
-3 5
+3 5
+12 15
+10 6
+3 8
fi=(5)
512 2
fi=(4)
112 4
fi=(5)
512 1194
fi=(4)
112 2380
fi=(5)
512 2380
+5 2384
+1 2384
fi=(4)
111 2384
fi=(5)
518 1192
fi=(4)
111 1192
+7 15
+6 4
-3 8
+3 10
fi=(5)
447 9
fi=(4)
127 384
+9 192
+3 96
-3 96
+3 96
fi=(5)
269 96
fi=(4)
138 96
-2 96
+1 384
fi=(5)
269 96
+21 192
+4 192
+7 1831
fi=(4)
137 75
fi=(5)
301 150
fi=(4)
137 75
fi=(5)
301 75
fi=(4)
137 75
fi=(5)
301 150
fi=(4)
137 4
fi=(5)
301 8
fi=(4)
137 4
fi=(5)
301 4
fi=(4)
137 4
fi=(5)
301 1114
cfi=(6) /build/glibc-Cl5G7W/glibc-2.23/elf/dl-lookup.c
cfn=(172) _dl_lookup_symbol_x
calls=79 806 
* 43900
* 632
+2 246
+3 94
-3 188
+3 282
+6 576
fe=(45)
178 8
fi=(5)
435 234
fi=(4)
124 294
+19 6
fi=(5)
301 66
fi=(4)
108 3
fi=(5)
407 42
+4 70
+14 70
+49 12
+4 28
cfi=(18) /build/glibc-Cl5G7W/glibc-2.23/string/../sysdeps/x86_64/multiarch/../memcpy.S
cfn=(46) memcpy
calls=4 61 
* 72
+2 16
+1 4
fe=(45)
313 20
+3 4
-3 8
+3 4
+4 8
+1 16
cfi=(39) /build/glibc-Cl5G7W/glibc-2.23/misc/../sysdeps/unix/syscall-template.S
cfn=(126) mprotect
calls=4 84 
* 20
* 12
fi=(5)
123 15
+6 12
fe=(45)
258 3
fi=(4)
129 8
fi=(5)
301 87
fi=(4)
160 7
+2 20
+8 10
+1 5
-1 5
+1 5
fi=(5)
+98 5
fi=(4)
-99 15
fi=(5)
+99 5
+21 10
+4 10
+7 180
cfi=(6)
cfn=(172)
calls=5 806 
* 2409
* 35
+2 15
+3 1
-3 2
+3 3
+6 30
435 15
fi=(4)
160 17
+14 2
fi=(5)
301 6
fe=(45)

fl=(27) /build/glibc-Cl5G7W/glibc-2.23/string/../sysdeps/x86_64/multiarch/../strchr.S
fn=(74) index
24 7
+1 7
+1 7
+1 7
+1 7
+1 7
+1 7
+1 7
+1 7
+1 7
+1 7
+1 7
+1 7
+1 7
+1 7
+1 7
+1 7
+1 5
+4 5
+1 5
+1 5
+1 5
+2 5
+4 2
+1 2
+1 2
+1 2
+1 2
+1 2
+1 2
+1 2
+1 2
+1 2
+1 2
+1 2
+1 2
+1 2
+1 2
+1 2
+1 2
+1 2
+1 2
+1 2
+1 2
+1 2
+1 2
+1 2
+52 2
+4 2
+1 2
+1 2
+1 2
+2 2

fl=(39)
fn=(126)
84 24
+1 6

fn=(208) munmap
84 4
+1 1

fl=(11)
fn=(22)
66 13
+1 13
+1 13
+1 13
+1 13
+1 13
+1 13
+2 13
+2 13
+30 12
+1 12
+1 12
+1 12
+1 12
+1 6
+1 6
+4 6
+1 6
+1 6
+1 6
+1 6
+1 6
+1 6
+1 6
+1 6
+1 6
+1 6
+1 6
+5 48
+4 1
+1 14
+1 8

fl=(76) /build/glibc-Cl5G7W/glibc-2.23/elf/dl-open.c
fn=(310) _dl_find_dso_for_object
182 5
+1 4
+1 12
+1 2
+3 2
+4 1
-9 6

fl=(67) /build/glibc-Cl5G7W/glibc-2.23/elf/../elf/dl-runtime.c
fn=(262) _dl_fixup
66 36
+5 36
-5 18
+3 36
+3 18
-1 36
-3 18
+5 108
+1 18
-1 18
+1 36
+5 36
+4 36
+4 54
+4 18
+1 90
+2 72
+7 36
-1 18
+1 18
+10 162
cfi=(6)
cfn=(172)
calls=18 806 
* 13644
* 18
+4 90
+10 108
+16 18
-8 18
+8 54
+4 54
fi=(5)
+90 18
fe=(67)
-86 54
fi=(79) /build/glibc-Cl5G7W/glibc-2.23/elf/../sysdeps/x86_64/dl-irel.h
32 2
cob=(3)
cfi=(46)
cfn=(544) strcmp
calls=1 +55 
* 5
cob=(3)
cfi=(80) /build/glibc-Cl5G7W/glibc-2.23/string/../sysdeps/x86_64/multiarch/strcpy.S
cfn=(342) strcpy
calls=1 +32 
* 5
* 2
fe=(67)

fl=(37)
fn=(122)
33 8
-1 80
+1 20
+1 80
+2 56
-3 18

fl=(2)
fn=(152) version_check_doit
529 2
+2 4
cfi=(44)
cfn=(154)
calls=1 380 
* 3021
* 2
+4 2

fn=(26)
790 1
+19 1
-19 7
2390 1
790 3
+19 1
+3 1
-22 1
2385 1
812 1
+4 2
+1 2
+5 2
2383 2
+7 4
-4 1
+4 8
+2 2
cfi=(13) /build/glibc-Cl5G7W/glibc-2.23/elf/dl-environ.c
cfn=(28) _dl_next_ld_env_entry
calls=1 30 
* 46
* 4
cfi=(13)
cfn=(28)
calls=2 30 
* 139
* 9
+4 50
+1 19
-1 57
+3 4
+6 14
2553 3
+30 3
832 3
1033 7
cfi=(15) /build/glibc-Cl5G7W/glibc-2.23/elf/dl-object.c
cfn=(32) _dl_new_object
calls=1 61 
* 250
+2 1
-2 1
+2 1
+1 1
+1 1
+5 2
-5 1
+1 2
+4 1
cfi=(15)
cfn=(48) _dl_add_to_namespace_list
calls=1 32 
* 33
+1 3
799 1
1072 1
-3 1
-5 1
+1 1
+2 1
+5 7
+56 5
-55 24
-1 27
+1 47
1175 5
+3 2
+2 2
+2 3
+13 3
+1 6
cfi=(19)
cfn=(54)
calls=1 144 
* 44
* 2
+7 1
+3 1
-5 1
+3 1
+2 1
+1 2
+4 2
+2 2
fi=(3) /build/glibc-Cl5G7W/glibc-2.23/elf/get-dynamic-info.h
30 1
+9 2
+6 1
-2 1
+2 2
+15 1
+5 1
+3 1
+2 1
-3 1
-3 1
-3 14
+10 3
-26 9
+16 19
+10 19
-26 57
+26 1
-26 3
+2 46
+13 16
+2 4
+16 3
+38 3
+5 2
+7 2
+1 3
+16 3
+14 3
+18 2
fe=(2)
1218 2
cfi=(6)
cfn=(10) _dl_setup_hash
calls=1 956 
* 23
+3 2
fi=(20) /build/glibc-Cl5G7W/glibc-2.23/elf/setup-vdso.h
24 2
fe=(2)
1243 1
cfi=(9)
cfn=(60) _dl_discover_osversion
calls=1 45 
* 85
* 8
-75 2
+1 2
+1 1
-6 2
+1 1
-88 3
+1 1
+50 2
-1 8
+2 4
+1 1
+3 2
+1 2
-1 2
+1 2
+1 2
+1 6
+1 2
-43 1
-2 2
+27 1
-25 2
+7 1
-10 1
+10 1
-19 3
+1 1
fi=(3)
65 4
+3 4
+2 4
fe=(2)
2480 1
+1 1
-1 2
+1 3
cfi=(14) /build/glibc-Cl5G7W/glibc-2.23/string/../sysdeps/x86_64/multiarch/../memcmp.S
cfn=(30) bcmp
calls=1 24 
* 31
* 2
-55 4
cfi=(14)
cfn=(30)
calls=1 24 
* 18
* 2
+7 4
cfi=(14)
cfn=(30)
calls=1 24 
* 36
* 2
+2 3
+48 3
1248 2
cfi=(22) /build/glibc-Cl5G7W/glibc-2.23/elf/dl-load.c
cfn=(64) _dl_init_paths
calls=1 689 
* 1578
+3 3
cfi=(29)
cfn=(86)
calls=1 50 
* 17
+7 1
-7 1
+2 1
+5 1
+3 3
+1 1
+3 1
-3 3
+1 2
+3 1
+5 1
-7 1
+7 1
+1 5
+17 2
+1 2
+5 1
-3 4
+2 2
+1 3
+5 3
+1 5
+2 2
+1 2
+5 2
+5 1
805 1
1314 2
1491 1
cfi=(30)
cfn=(88)
calls=1 115 
* 4
* 1
+8 3
+3 1
+4 3
+5 1
+1 1
cfi=(29)
cfn=(90)
calls=1 74 
* 1
+1 1
+4 3
+15 3
+4 1
-2 1
+2 2
+2 3
+1 1
-1 2
+1 1
cfn=(92) handle_ld_preload
calls=1 757 
* 2999
* 1
+1 1
+2 6
+10 3
cfi=(24)
cfn=(68) access
calls=1 84 
* 9
* 2
+77 1
-96 1
+96 3
+17 3
+1 1
-1 1
+1 2
-1 1
+1 5
cfi=(41) /build/glibc-Cl5G7W/glibc-2.23/elf/dl-deps.c
cfn=(134) _dl_map_object_deps
calls=1 161 
* 7275
+1 1
+2 2
+3 1
-3 3
+3 1
-3 1
+3 3
+1 4
-1 2
+1 12
-1 6
+4 3
+1 3
+1 1
+2 2
+1 6
-1 5
+1 5
-1 3
-3 1
+16 1
+1 2
-1 1
+1 1
+2 1
+2 3
+2 1
-4 1
+5 1
-1 2
+14 2
+1 2
+1 3
+11 1
+2 1
-2 1
+2 2
-1 1
+1 1
-2 3
+2 1
cfi=(32) /build/glibc-Cl5G7W/glibc-2.23/elf/dl-error.c
cfn=(150) _dl_receive_error
calls=1 205 
* 3061
+10 1
+1 1
-1 1
+1 1
+1 1
cfn=(160) init_tls
calls=1 589 
* 619
* 1
+2 2
719 1
+2 3
fi=(127) /build/glibc-Cl5G7W/glibc-2.23/elf/../sysdeps/unix/sysv/linux/dl-osinfo.h
77 1
fe=(2)
730 1
+7 1
-5 1
1729 3
1959 3
2129 4
+2 1
+5 3
cfi=(30)
cfn=(202)
calls=1 450 
* 147
+3 2
+9 3
+2 2
+15 1
+2 1
-2 2
+3 1
-3 1
+3 1
-3 1
+3 3
cfi=(45)
cfn=(166)
calls=1 149 
* 3984
+1 1
+2 6
+8 1
cfi=(7)
cfn=(204)
calls=1 256 
* 1
+4 3
+20 3
cfi=(29)
cfn=(86)
calls=1 50 
* 8
+1 1
-1 1
+2 1
cfi=(29)
cfn=(90)
calls=1 74 
* 1
+1 1
+4 1
cfi=(43) /build/glibc-Cl5G7W/glibc-2.23/elf/dl-cache.c
cfn=(206) _dl_unload_cache
calls=1 322 
* 15
+5 8
2080 3
+7 1
+2 3
+19 1
-19 4
+2 1
+2 12
+5 8
+2 8
+6 4
+2 8
+1 24
cfi=(45)
cfn=(166)
calls=3 149 
* 68521
+4 14
-22 10
+25 1
+2 5
+6 1
-6 1
+6 1
-10 2
cfi=(30)
cfn=(200)
calls=1 890 
* 20
* 1
-12 1
+1 1
-3 2
-85 1
+11 1
-7 1
-4 1
+4 3
+4 2
+3 1
1672 2
-39 5
+1 1
-1 3
+4 3
+1 1
+1 2
+1 2
1237 3

fn=(102) map_doit
496 1
+2 1
-2 1
+3 8
cfi=(22)
cfn=(104) _dl_map_object
calls=1 2189 
* 2358
* 1
+2 2

fn=(2) _dl_start
353 9
+18 4
fi=(5)
59 1
fe=(2)
371 1
fi=(3)
45 1
fi=(5)
+14 2
fe=(2)
397 1
fi=(3)
45 1
fe=(2)
394 1
fi=(3)
45 1
+25 2
-3 1
-7 1
+5 1
+3 1
+2 1
-3 1
-3 1
-3 2
-13 26
+23 13
-26 39
+26 1
-26 3
+2 36
+13 20
+1 16
+10 4
-26 12
+33 2
+20 4
+1 4
+1 4
+1 4
+2 4
+5 4
+1 4
+1 4
+6 3
+5 2
+7 3
+1 3
+8 3
+2 3
+3 2
+1 2
fe=(2)
408 2
302 1
415 1
302 1
cfi=(6)
cfn=(10)
calls=1 956 
* 23
+1 2
+1 2
+1 2
+1 2
+8 1
+9 1
-9 3
+9 1
-6 1
-3 1
+9 1
cfi=(7)
cfn=(12)
calls=1 86 
* 90688
* 1
+9 1
+3 4
+4 1
-4 1
+4 1
440 9
fi=(3)
62 4
+3 4
fe=(2)
413 26
fi=(4)
84 1
+27 1
-28 1
+28 2
+1 2
fi=(5)
517 2
fi=(4)
112 18
fi=(5)
517 18
+1 20
fi=(4)
111 20
fi=(5)
518 10
fi=(4)
111 10
+5 2
+8 1
fi=(5)
312 1
fi=(4)
124 2
+12 1
+1 3
fi=(5)
266 1
fi=(4)
137 1
fi=(5)
294 1
fi=(4)
137 2
fi=(5)
294 1
fi=(4)
136 5
+1 15
fi=(5)
266 5
fi=(4)
137 5
fi=(5)
294 5
fi=(4)
137 10
fi=(5)
294 5
+9 12
+3 6
-3 12
+3 18
+6 36
fi=(3)
68 4
+2 3
fi=(5)
425 12
fi=(4)
124 19
fe=(2)

fn=(98) _dl_initial_error_catch_tsd
664 8

fn=(92)
757 7
+1 1
-1 1
-75 1
+86 1
-11 1
-75 6
+80 3
fi=(31) /build/glibc-Cl5G7W/glibc-2.23/elf/../string/bits/string2.h
961 1
+1 145
+1 46
-2 46
+2 46
-2 139
+2 1
-2 3
fe=(2)
766 2
+10 4
108 3
779 2
677 1
+5 5
-10 1
+4 1
+1 1
+1 1
+2 1
+2 1
cfi=(32)
cfn=(96) _dl_catch_error
calls=1 163 
* 2434
+1 3
+13 3
+84 1
-18 3
+21 9
-15 4
cfi=(18)
cfn=(46)
calls=1 61 
* 68
* 1
+1 2

fn=(50) rtld_lock_default_lock_recursive
704 10

fn=(160)
589 1
+6 1
-6 1
+2 2
+4 1
+10 4
cfi=(17)
cfn=(36)
calls=1 103 
* 38
* 1
+11 1
-5 1
-7 1
+6 1
+2 1
-1 1
+5 1
+2 1
-1 1
+1 10
+2 8
+4 1
+2 1
-2 2
-5 8
+9 3
+3 1
cfi=(30)
cfn=(162)
calls=1 138 
* 71
+7 1
cfi=(30)
cfn=(164)
calls=1 354 
* 439
+1 1
-1 1
+1 1
+6 1
+3 1
-3 1
+3 6
+3 1
+2 1
+1 2

fn=(52) rtld_lock_default_unlock_recursive
710 10

fl=(33) /build/glibc-Cl5G7W/glibc-2.23/setjmp/../sysdeps/x86_64/setjmp.S
fn=(100) __sigsetjmp
26 3
+9 3
+1 6
+1 3
+4 3
+1 3
+1 3
+1 3
+1 3
+2 6
+2 3
+1 3
+1 3
+2 6
+2 3
+4 3
+1 3

fl=(15)
fn=(32)
61 42
+1 3
cfi=(11)
cfn=(22)
calls=3 +4 
* 66
+6 3
-6 6
+6 6
+7 12
cfi=(17)
cfn=(36)
calls=3 +28 
* 171
* 3
+3 3
-3 3
+3 3
+4 3
+5 6
-6 3
+6 3
-5 3
+3 6
+2 3
cfi=(18)
cfn=(46)
calls=3 -26 
* 88
+10 3
-10 3
+10 3
-8 3
+9 6
-1 9
+1 9
+3 3
-4 3
+1 3
+3 3
+9 3
-7 3
+4 3
+3 9
+2 2
-2 2
+2 30
-2 30
+12 3
+6 3
-5 3
-1 3
+6 15
+2 2
+3 2
-3 2
+3 2
-3 4
+7 6
+4 4
+2 5
+6 1
+6 1
-3 2
+3 4
-3 4
+3 4
+2 6
cfi=(11)
cfn=(22)
calls=2 -91 
* 68
+4 2
-4 8
+4 6
+64 4
+4 24
68 30
+34 8
+39 8
+70 6
cfi=(25)
cfn=(70)
calls=2 61 
* 71
* 42
+6 40
-1 40
+1 42
-1 2
+1 6
+5 4
-89 2
+32 4
cfi=(17)
cfn=(40) malloc
calls=2 -71 
* 58
* 2
+1 2
-1 2
+1 6
+2 1
-35 2

fn=(48)
32 15
+2 6
cfi=(2)
cfn=(50)
calls=3 704 
* 6
+2 3
-2 3
+2 19
+3 15
+2 2
+2 2
+4 2
+4 2
-4 4
+1 2
+4 4
-4 2
+1 2
+3 2
-3 2
+2 2
cfi=(2)
cfn=(52)
calls=2 710 
* 4
-4 1
+4 1
-4 2
+1 1
+4 2
-4 1
+1 1
+3 1
-3 1
+2 1
cfi=(2)
cfn=(52)
calls=1 710 
* 2
-5 2

fl=(17)
fn=(36)
103 8
+8 24
-4 8
+4 16
+3 8
cfn=(40)
calls=8 -20 
* 289
* 8

fn=(78) strsep
354 4
+2 2
+1 4
+4 33
+7 84
-2 56
+13 1
+4 2
-7 14
-15 44

fn=(44)
52 66
+1 87
+11 63
+3 21
-3 21
+3 42
-3 3
+3 1
-3 1
+3 82
+4 8
+1 4
+6 16
cfi=(37)
cfn=(122)
calls=2 -45 
* 66
+2 10
+4 6
+3 2
+1 2
+2 10
-3 20
+1 20
+2 100
-31 2
-1 5

fn=(40)
94 21
+1 42
cfn=(44)
calls=21 -43 
* 582
* 21

fn=(84)
120 1
+2 3
+7 2

fl=(25)
fn=(70)
61 17
+4 17
+3 16
+1 16
+2 7
+1 7
+2 7
+1 7
+5 7
+1 7
-1 9
+1 9
+2 10
+1 10
+2 10
+1 10
+5 10
+1 10
-1 6
+1 6
+2 5
+1 5
+2 5
+1 5
+5 5
+1 5
-1 11
+1 11
+2 7
+1 7
+2 7
+1 14
+5 7
+1 7
-1 9
+1 11
+5 2
+1 2
+1 2
+1 2
+2 2
+2 2
+1 2
+2 2
+6 16
+4 16
+12 2
+2 2
+1 2
+26 2
+1 2
+3 2
+1 2
+1 2
+5 2
+2 2
+1 2
+1 2
+1 2
+2 2
+1 2
+1 2
+1 2
+2 2
+1 2
+2 2
+22 2
+2 2
+2 1
+7 1

fl=(28) /build/glibc-Cl5G7W/glibc-2.23/string/strdup.c
fn=(80) strdup
40 12
+1 3
cfi=(11)
cfn=(22)
calls=3 +25 
* 84
* 3
+1 6
cfi=(17)
cfn=(40)
calls=3 +52 
* 87
* 3
+2 6
+4 3
-1 6
+1 6
-1 6
cfi=(18)
cfn=(46)
calls=3 +14 
* 106

fl=(1) ???
fn=(0) 0x0000000000000c30
0 2
cfi=(2)
cfn=(2)
calls=1 353 
0 91336
0 14
cfi=(54)
cfn=(212)
calls=1 80 
0 1610
0 3
cob=(5) /afs/ir.stanford.edu/class/cs107/samples/lab7/bbsort
cfi=(65) ???
cfn=(252) 0x0000000000400dd2
calls=1 0 
0 5519170

fl=(123) /build/glibc-Cl5G7W/glibc-2.23/elf/dl-fini.c
fn=(606) _dl_fini
130 8
+17 1
+3 15
+3 2
cfi=(2)
cfn=(50)
calls=1 704 
* 2
+2 1
+3 2
+2 6
+8 1
-3 1
+3 8
+7 8
+2 8
+2 4
+1 4
+5 4
-6 4
-6 4
+8 4
-8 9
+14 9
+1 2
+4 1
31 1
+2 1
192 1
33 1
+6 1
-1 1
+2 1
-2 2
+1 8
+1 1
cfi=(26)
cfn=(72)
calls=1 +13 
* 15
* 1
+77 15
+3 16
cfi=(26)
cfn=(72)
calls=2 -67 
* 37
* 6
-76 9
+1 9
+4 12
+6 6
+1 6
+2 15
+1 7
+2 9
+1 6
201 3
cfi=(2)
cfn=(52)
calls=1 710 
* 2
+5 3
81 4
208 1
+2 3
-2 3
+2 9
+3 8
+3 12
+4 4
+9 2
+3 2
-3 2
+3 4
+2 8
+1 4
cob=(4)
cfi=(55)
cfn=(620)
calls=1 0 
* 78
cob=(5)
cfi=(65)
cfn=(608) 0x0000000000400d10
calls=1 0 
* 16
-1 8
+5 4
+1 6
cob=(2)
cfi=(16)
cfn=(640)
calls=1 0 
* 3
cob=(2)
cfi=(16)
cfn=(618)
calls=1 0 
* 3
+6 24
+16 8
-56 11
+11 6
92 9
+21 3
-57 8
268 4
+2 1
-2 2
+6 2
+7 8

fl=(18)
fn=(46)
61 18
+2 18
+2 18
+3 16
+1 16
+2 5
+1 5
+2 5
+1 5
+5 5
+1 5
-1 11
+1 11
+2 4
+1 4
+2 4
+1 8
+5 4
+1 4
-1 12
+1 12
+2 5
+1 5
+2 5
+1 5
+5 5
+1 5
-1 11
+1 11
+2 10
+1 10
+2 10
+1 10
+5 10
+1 10
-1 6
+1 11
+5 5
+1 5
+1 5
+1 5
+2 5
+2 5
+1 5
+2 5
+8 16
+8 6
+6 6
+2 6
+1 6
+3 2
+1 6
+5 2
+1 2
+2 2
+2 2
+1 2
+2 2
-8 1
+1 1
+2 1
+2 1
+1 1
+2 5
+9 2
+1 2
-1 4
+1 4
+3 6
+1 6
+1 6
+5 5
+2 5
+1 5
+1 5
+1 5
+2 5
+1 5
+1 5
+1 5
+2 5
+1 5
+2 5
+22 6
+6 6
+1 6
+2 2

fl=(14)
fn=(30)
24 13
+1 13
+1 13
+1 13
+1 13
+1 13
+1 13
+1 13
+3 13
+1 13
+1 5
+1 5
+1 5
+1 5
+1 5
+1 5
+1 5
+2 12
+1 12
+1 4
+1 4
+1 4
+1 4
+1 4
+1 4
+1 4
+2 12
+1 12
+1 5
+1 5
+1 5
+1 5
+1 2
+1 2
+1 2
+2 9
+1 9
+1 5
+1 5
+1 5
+1 5
+5 4
+1 4
+1 4
+1 4
+1 4
+1 4
+1 4
+1 2
+1 2
+1 2
+1 2
+1 2
+7 2
+2 3
+4 8
+1 8
+1 1
+1 1
+1 1
+1 1
+1 1
+1 1
+1 1
+1 1
+1 1
+1 1
+1 1
+4 9
+1 9

fl=(26)
fn=(72)
53 13
+1 13
+1 13
+1 13
+1 13
+2 13
+1 13
+1 11
+1 11
+15 2
+1 2
+1 2
+1 2
+1 2
+1 2
+1 2
+1 2
+1 2
+1 2
+1 2
+1 2
+1 2
+1 4
+3 2
+1 2
+1 2
+1 2
+1 2
+1 2
+1 2
-6 34
+1 34
+1 34
+1 34
+1 34
+1 34
+1 34
+1 2
+3 11
+1 11
+1 11
+1 4
+1 4
+1 2
+1 2
+3 2
+1 2
+1 2
+1 2
+2 2
+1 2
+1 2
+2 7
+1 7
+1 7

fl=(43)
fn=(142) _dl_load_cache_lookup
185 9
+8 2
+3 3
+51 2
+9 1
+6 2
-6 4
+6 1
cfi=(24)
cfn=(68)
calls=1 84 
* 9
+19 1
-19 1
+19 144
cfn=(146) _dl_cache_libcmp
calls=9 138 
* 642
* 42
-15 4
+15 37
cfn=(146)
calls=2 138 
* 215
* 5
cfn=(146)
calls=1 138 
* 144
* 11
-82 4
cfi=(34)
cfn=(144)
calls=1 45 
* 94
+8 1
-8 1
+8 4
+1 4
cfi=(14)
cfn=(30)
calls=1 24 
* 38
* 2
+7 1
-3 1
+3 3
+3 1
+1 2
-1 1
+1 1
+1 4
cfi=(14)
cfn=(30)
calls=1 24 
* 32
* 2
+61 31
+16 2
+4 2
+8 3
cfi=(11)
cfn=(22)
calls=1 66 
* 34
* 2
+1 1
-1 4
+1 2
cfi=(18)
cfn=(46)
calls=1 61 
* 64
+1 2
cfi=(28)
cfn=(80)
calls=1 40 
* 109
+1 8
-31 9

fn=(206)
322 4
-1 1
+3 2
cfi=(39)
cfn=(208)
calls=1 84 
* 5
+1 1
+2 2

fn=(146)
138 36
+1 30
+2 134
+2 67
-2 67
+2 6
+6 3
+2 3
-1 3
-1 3
+1 3
+1 12
+2 15
+2 6
+6 128
+2 238
+4 55
+1 55
-29 110
+32 9
-7 18

fl=(23) /build/glibc-Cl5G7W/glibc-2.23/elf/dl-hwcaps.c
fn=(66) _dl_important_hwcaps
39 6
+3 1
-3 2
+3 1
-1 1
+1 1
+9 1
-12 4
+12 2
+10 4
162 2
-47 3
cfi=(24)
cfn=(68)
calls=1 -31 
* 9
* 2
+55 3
+2 2
+1 5
+4 2
+4 1
-4 1
+1 1
+3 1
+3 1
+1 1
-1 1
+4 3
+1 1
-1 9
+1 1
+18 10
+1 2
-1 1
+1 3
cfi=(17)
cfn=(40)
calls=1 94 
* 29
* 1
+1 1
-1 1
+1 5
+29 1
+3 1
-3 2
+3 1
+23 7
+6 2
-1 2
+1 6
-1 8
+5 6
+3 1
-3 1
+3 1
-3 3
+3 1
-3 1
+3 5
+1 12
+1 4
-1 4
+1 8
-2 4
+1 8
-1 14
+4 4
+4 1
-1 1
+2 1
-2 1
+1 1
+1 1
-2 1
+2 10
+13 2
+1 1
-1 1
+3 2
-3 2
+1 1
-1 1
+3 2
+3 4
+3 1
-1 1
+1 9
113 1
+17 1
+1 1
-1 9
243 6
cfi=(25)
cfn=(70)
calls=1 61 
* 22
* 4
cfi=(25)
cfn=(70)
calls=1 61 
* 18
+1 4
cfi=(25)
cfn=(70)
calls=1 61 
* 22
* 4
cfi=(25)
cfn=(70)
calls=1 61 
* 18
* 12

fl=(22)
fn=(108) open_verify.constprop.7
1717 66
+39 6
-39 18
+39 22
+31 24
cfi=(24)
cfn=(110)
calls=6 84 
* 46
+2 6
-2 6
+2 8
+10 2
+1 4
+5 16
cfi=(24)
cfn=(112) read
calls=2 84 
* 10
+2 4
+2 2
+2 2
-2 4
+2 2
+6 4
+16 8
cfi=(14)
cfn=(30)
calls=2 24 
* 57
* 18
cfi=(14)
cfn=(30)
calls=2 24 
* 72
* 4
+74 4
+5 4
+2 8
+6 4
+11 4
+6 2
+1 2
-1 8
+1 2
-1 2
+1 4
+1 6
+20 106
+2 36
+4 8
+1 6
+12 14
+4 6
+5 1
+1 1
-13 4
cfi=(14)
cfn=(30)
calls=1 24 
* 25
* 8
cfi=(14)
cfn=(30)
calls=2 24 
* 60
* 6
+16 2
+3 7
+3 3
+1 5
-39 2
+67 20
-23 4
+23 28
1826 2
+7 4
cfi=(14)
cfn=(30)
calls=1 24 
* 24
* 2

fn=(76) fillin_rpath
444 7
+2 1
-2 9
+4 3
cfi=(17)
cfn=(78)
calls=1 -94 
* 238
* 3
cfi=(17)
cfn=(78)
calls=1 -94 
* 6
* 6
+7 2
+35 15
+1 8
+55 2
+2 2
cob=(2)
cfi=(16)
cfn=(82)
calls=1 0 
* 7
* 1
-39 2
+4 2
-1 4
cfi=(17)
cfn=(40)
calls=1 94 
* 29
* 1
+3 1
-3 1
+3 2
+5 1
+1 2
-2 1
+2 1
cfi=(25)
cfn=(70)
calls=1 61 
* 31
+3 1
-3 1
+1 1
+2 1
+6 2
+1 1
-1 2
+1 13
+1 11
-1 2
+3 2
+1 3
+7 1
+1 1
-1 2
383 3
cfi=(27)
cfn=(74)
calls=1 24 
* 23
* 2
+4 2
cfi=(28)
cfn=(80)
calls=1 40 
* 94
* 1
+74 2
+5 2
cfi=(11)
cfn=(22)
calls=1 66 
* 16
+1 2
+7 6
+9 1
-4 3
+4 2
+26 2
+43 1
+3 9
-15 2
-9 2
-57 2

fn=(138) open_path
2040 8
+1 1
+6 1
-6 1
+6 1
+5 9
+52 1
-59 1
-1 1
+60 1
-52 8
+74 4
-62 1
-9 1
+9 1
+7 4
cfi=(25)
cfn=(70)
calls=1 61 
* 31
+1 1
-1 1
+1 5
+20 8
-20 15
+3 8
+5 8
-1 4
+1 8
-1 12
cfi=(25)
cfn=(70)
calls=4 61 
* 85
* 16
cfi=(25)
cfn=(70)
calls=4 61 
* 92
-1 4
+7 4
-7 4
+7 4
+3 36
cfn=(108)
calls=4 1717 
* 176
* 4
+2 20
+67 7
+7 1
-2 1
+2 3
+3 3
+14 1
-27 1
+27 7
-84 8
+1 36
+6 4
+2 4
-2 4
+2 8
-2 4
+2 4
cfi=(42)
cfn=(140)
calls=4 34 
* 49
* 8
+1 1
+2 1
-2 1
+2 7
+7 3
-7 3
+7 9
-30 3
+23 6

fn=(64)
689 1
+13 2
-13 8
+13 3
cfi=(23)
cfn=(66)
calls=1 39 
* 398
+5 1
-5 1
+5 1
cfi=(17)
cfn=(40)
calls=1 94 
* 29
* 1
+1 1
-2 1
+2 2
+8 1
-1 1
+1 3
-1 3
+4 4
cfi=(17)
cfn=(40)
calls=1 94 
* 29
* 1
+2 1
-2 1
+2 1
+17 2
+9 2
-19 1
+11 1
-1 1
+3 1
+1 1
-15 2
+23 1
-9 1
+9 5
-3 17
cfi=(26)
cfn=(72)
calls=4 53 
* 60
+3 27
-14 3
+2 3
+1 3
+2 6
-3 3
+4 9
+4 3
-3 3
+3 3
+1 3
-4 9
+4 3
+14 1
-11 1
+6 1
+1 1
+5 1
-12 1
+12 1
+2 4
+2 3
+38 5
+6 3
cfi=(27)
cfn=(74)
calls=1 24 
* 23
* 2
+2 3
cfi=(11)
cfn=(22)
calls=1 66 
* 16
* 8
cfi=(18)
cfn=(46)
calls=1 61 
* 31
* 1
+17 133
+5 1
cfi=(17)
cfn=(40)
calls=1 94 
* 29
* 1
+1 1
-2 1
+2 1
+6 9
cfn=(76)
calls=1 444 
* 609
+4 5
+6 1
+4 8
-70 1
-2 1
+2 2
+14 2

fn=(114) _dl_map_object_from_fd
893 22
+10 2
-10 2
+10 2
-10 6
+10 2
cfi=(29)
cfn=(86)
calls=2 50 
* 16
fi=(35) /build/glibc-Cl5G7W/glibc-2.23/elf/../sysdeps/posix/dl-fileid.h
37 6
fe=(22)
903 2
fi=(35)
37 2
cfi=(36)
cfn=(120)
calls=2 -3 
* 20
* 4
+4 2
fe=(22)
919 2
fi=(35)
40 2
+1 2
fe=(22)
919 29
+1 10
fi=(35)
49 12
fe=(22)
1465 16
937 4
+24 4
+10 4
+22 8
+32 4
904 2
1028 14
cfi=(15)
cfn=(32)
calls=2 61 
* 882
+1 2
-1 2
+1 2
+11 4
+1 2
-1 2
+2 2
-1 2
+4 2
-1 4
-2 2
+2 4
+1 6
+1 2
+19 2
-2 2
+10 2
-8 12
+8 2
-8 6
+8 2
+87 2
+8 2
-8 8
+8 2
-8 6
-86 32
-1 136
+1 95
+6 4
+1 6
+1 2
+9 20
+5 32
+9 12
-1 12
+1 4
+1 8
+2 4
-2 4
+1 4
-1 4
+3 4
+4 4
-7 4
+2 4
+1 4
+4 4
+1 12
+4 6
-14 2
+14 12
+11 2
-11 6
-14 2
+14 12
+11 2
-44 2
+1 1
+46 3
+4 1
+1 1
+1 1
-1 2
+1 1
+3 3
+1 1
+3 1
-3 1
+7 4
+6 1
cfi=(30)
cfn=(148)
calls=1 49 
* 8
* 2
+1 1
+59 4
+1 6
+1 2
-6 4
+1 2
+8 6
1041 2
1229 2
1041 2
1229 2
+10 6
fi=(38) /build/glibc-Cl5G7W/glibc-2.23/elf/./dl-map-segments.h
56 4
fe=(22)
1239 6
fi=(38)
56 2
fe=(22)
1239 2
fi=(38)
56 2
fe=(22)
1239 4
fi=(38)
56 12
cfi=(37)
cfn=(122)
calls=2 -23 
* 70
+4 2
-4 2
+4 4
+3 4
+1 2
+2 2
-2 2
-1 2
+3 2
+10 4
fi=(40) /build/glibc-Cl5G7W/glibc-2.23/elf/./dl-load.h
+14 8
+1 6
+2 8
fi=(38)
+7 16
+6 2
+2 2
-2 2
+1 2
+2 2
-1 2
+1 2
-1 6
+8 4
+17 4
+12 4
-59 20
+2 4
+2 2
-2 4
+2 20
cfi=(37)
cfn=(122)
calls=2 -57 
* 62
* 6
fe=(22)
1251 8
+9 4
fi=(3)
39 2
fe=(22)
1260 2
fi=(3)
39 2
+6 2
-2 2
+2 4
+15 2
+5 2
+3 2
-1 2
-3 2
-3 36
+10 8
-26 24
+16 35
+10 35
-26 105
+26 2
-26 6
+2 90
+13 40
+2 8
+3 8
+13 4
+20 7
+1 8
+1 8
+1 8
+2 8
+5 8
+1 7
+1 8
+6 6
+5 4
+7 4
+1 6
+16 6
+5 1
+2 1
-2 1
+2 1
+2 2
+2 2
+3 6
+10 1
-8 4
+8 1
+5 2
+3 4
fe=(22)
1267 4
+15 6
+19 4
+2 10
+54 6
+1 2
+3 2
cfi=(24)
cfn=(132)
calls=1 84 
* 5
* 2
cfi=(24)
cfn=(132)
calls=1 84 
* 5
* 4
+9 4
+2 6
+2 2
-2 2
+2 2
+16 4
cfi=(6)
cfn=(10)
calls=2 956 
* 46
+4 4
+1 4
+17 4
+9 2
-5 6
+5 2
+10 4
+10 6
cfi=(15)
cfn=(48)
calls=2 32 
* 82
+4 8
fi=(3)
68 8
+2 10
fe=(22)
1413 2
fi=(38)
119 4
+8 16
cfi=(26)
cfn=(72)
calls=2 -74 
* 283
* 8
-54 8
-1 12
cfi=(39)
cfn=(126)
calls=2 +12 
* 10
* 2
fi=(40)
+22 5
+1 11
+3 4
fi=(38)
+39 9
cfi=(37)
cfn=(122)
calls=1 33 
* 31
+3 3
fe=(22)
1255 2

fn=(104)
2189 21
+8 3
-8 6
+8 3
+1 12
+3 42
+5 49
+2 21
cfi=(34)
cfn=(106)
calls=7 288 
* 920
* 14
+4 12
+1 18
+3 2
+2 8
cfi=(19)
cfn=(54)
calls=2 144 
* 48
* 4
2500 24
2235 10
+9 2
-53 2
+53 4
+36 4
-2 2
+2 2
cfi=(27)
cfn=(74)
calls=2 24 
* 46
* 4
2431 2
383 3
cfi=(27)
cfn=(74)
calls=1 24 
* 47
* 2
+4 2
cfi=(28)
cfn=(80)
calls=1 40 
* 128
2432 1
-3 1
+3 2
+4 9
cfn=(108)
calls=1 1717 
* 299
+3 1
-3 1
+3 3
+12 3
+46 1
+1 3
-1 1
+1 9
cfn=(114)
calls=1 893 
* 1444
-1 1
+1 3
-1 1
+1 9
cfn=(114)
calls=1 893 
* 1789
* 6
2284 2
cfi=(11)
cfn=(22)
calls=1 66 
* 16
* 1
+2 1
-2 1
+2 1
+7 4
+35 2
+1 14
cfn=(138)
calls=1 2040 
* 777
+6 2
-6 1
+6 3
666 1
2336 1
666 2
2423 2
+28 3
+2 4
2297 1
+5 1
-5 1
+5 1
+3 2
-3 1
+3 7
-3 3
666 1
2303 1
666 2
2358 1
-14 1
+14 1
+2 3
+4 2
cfi=(43)
cfn=(142)
calls=1 185 
* 1748
+2 1
-2 1
+2 1
+4 2
+8 3
+23 10
cfn=(108)
calls=1 1717 
* 370
+4 1
-4 1
+4 3
+1 2
-89 3
+1 8
666 1
2319 1
666 2

fl=(32)
fn=(96)
163 6
+15 3
-3 6
+1 6
-13 6
+14 6
+1 3
+2 3
cfi=(2)
cfn=(98)
calls=3 664 
* 6
+2 3
-1 3
+4 3
-3 6
+3 3
-4 3
+4 3
cfi=(33)
cfn=(100)
calls=3 26 
* 60
* 9
+2 9
cfi=(41)
cfn=(136) openaux
calls=2 60 
* 5755
cfi=(2)
cfn=(102)
calls=1 496 
* 2372
+1 6
+2 3
+1 3
-3 3
+1 6
+1 3
+9 3
-8 3
+8 9

fn=(150)
205 10
+1 1
cfi=(2)
cfn=(98)
calls=1 664 
* 2
+5 1
-1 1
-4 1
+9 1
+2 1
-3 1
+3 1
cfi=(2)
cfn=(152)
calls=1 529 
* 3031
+2 1
+1 1
+1 8

fl=(19)
fn=(54)
144 278
+1 278
+2 278
+1 278
+21 278
+1 278
+1 208
+1 208
+1 203
+1 203
+1 203
+1 203
+21 203
+1 203
+1 203
+1 203
+1 203
+1 203
+1 203
+5 5
+1 5
+9 5
+1 5
+1 5
+1 5
+1 5
+1 5
+1 5
+1 5
-7 75
+1 75
+1 75
+1 75
+1 75
+1 75
+1 75
+1 75
+1 79
+1 26
+1 26
+1 26
+2 26
+1 26
+1 26
+1 26
+1 26
+1 26
-5 53
+1 53
+1 53
+1 53
+1 53
+1 53
+10 1
+1 1
+1 1
+2 1
+6 1
+1 1
+1 1
+1 1
+1 1
+5 1
696 4
+1 4
+1 4
+1 4
+1 4
+2 4
+1 4
+1 4
+1 4
+1 4
+1 4
+1 4
+1 4
+4 4
+1 4
+1 4
+6 4
+1 4
+1 8
+4 4
+1 4
+3 4
+1 4
+1 4
+3 4
+1 4
+1 4
+6 4
+1 4
+1 4
+1 4
+1 4
+1 4
1196 5
+1 5
+1 5
+1 5
+1 5
+2 5
+1 5
+1 5
+1 5
+1 5
+1 5
+1 5
+1 1
+4 1
+1 1
+1 1
+6 1
+1 1
+1 2
+4 1
+1 1
+3 1
+1 1
+1 1
+3 1
+1 1
+1 1
+6 1
+1 1
+1 1
+1 1
+1 1
+1 1
+72 58
+1 58
+1 58
+1 58
+1 58
+2 58
+1 58
+1 58
+1 58
+1 58
+1 58
+1 58
1446 1
+1 1
+1 1
+1 1
+1 1
+2 1
+1 1
+1 1
+1 1
+1 1
+1 1
+1 1
1571 2
+1 2
+1 2
+1 2
+1 2
+2 2
+1 2
+1 2
+1 2
+1 2
+1 2
+1 2
+1 1
+4 1
+1 1
+1 1
+6 1
+1 1
+1 2
+4 1
+1 1
+3 1
+1 1
+1 1
+3 1
+1 1
+1 1
+6 1
+1 1
+1 1
+1 1
+1 1
+1 1
+72 4
+1 4
+1 4
+1 4
+1 4
+2 4
+1 4
+1 4
+1 4
+1 4
+1 4
+1 4
+1 2
+4 2
+1 2
+1 2
+6 2
+1 2
+1 4
+4 2
+1 2
+3 2
+1 2
+1 2
+3 2
+1 2
+1 2
+6 2
+1 2
+1 2
+1 2
+1 2
+1 2
+72 3
+1 3
+1 3
+1 3
+1 3
+2 3
+1 3
+1 3
+1 3
+1 3
+1 3
+1 3
+1 3
+4 3
+1 3
+1 3
+6 3
+1 3
+1 6
+4 3
+1 3
+3 3
+1 3
+1 3
+3 3
+1 3
+1 3
+6 3
+1 3
+1 3
+1 3
+1 3
+1 3
+72 2
+1 2
+1 2
+1 2
+1 2
+2 2
+1 2
+1 2
+1 2
+1 2
+1 2
+1 2
+1 2
+4 2
+1 2
+1 2
+6 2
+1 2
+1 4
+4 2
+1 2
+3 2
+1 2
+1 2
+3 2
+1 2
+1 2
+6 2
+1 2
+1 2
+1 2
+1 2
+1 2
2200 13
+2 13
+1 13
+1 13
+1 13
-3 67
+1 67
+1 67
+1 67
+1 78
+5 26
+6 26
+1 26
+8 26
+1 26
-16 252
+6 252
+1 252
+8 252
+1 252

fl=(36)
fn=(120)
34 3
-1 3
+1 3
+1 18
+4 3

fl=(41)
fn=(134)
161 1
-1 1
+1 1
-1 4
+1 1
-1 2
+1 1
-1 2
+1 1
-1 2
+1 3
-15 1
+15 1
-17 1
+1 1
+1 1
+6 4
+26 1
-26 1
+26 7
-34 1
+2 1
+33 2
-33 1
-2 1
+2 2
-2 1
+1 1
+1 1
+6 3
+26 1
-26 1
+26 5
+4 1
+21 1
+1 1
-22 2
+19 1
-12 1
+15 1
-16 2
+13 1
317 9
217 1
-4 1
-4 1
+8 4
-4 3
-4 3
+8 3
+12 8
+2 2
+11 2
-5 2
-6 4
+5 2
+2 4
+1 4
+3 14
+50 6
+1 3
-51 192
+1 96
+6 10
cfi=(27)
cfn=(74)
calls=2 24 
* 70
* 4
+5 10
-3 2
+3 2
cfi=(32)
cfn=(96)
calls=2 -91 
* 5879
+2 6
+15 2
+2 4
+5 2
+6 2
+2 2
-8 4
+3 2
+1 2
+1 2
+1 2
+4 12
+7 138
459 12
+2 6
+2 6
cfi=(17)
cfn=(40)
calls=2 94 
* 58
* 2
+2 2
-2 2
+2 2
+4 8
-1 2
+1 2
cfi=(18)
cfn=(46)
calls=2 61 
* 41
+1 10
cfi=(18)
cfn=(46)
calls=2 61 
* 41
+4 2
-1 2
+5 22
+7 6
+1 1
+3 5
+10 4
cfi=(17)
cfn=(40)
calls=1 94 
* 29
* 1
+3 1
-3 1
+3 1
+5 6
+1 1
-1 3
+1 2
+8 2
+4 3
-4 1
-6 3
-2 3
+8 6
+4 9
-4 3
-6 9
+13 3
+51 3
+2 3
+42 1
-4 1
+5 2
-1 4
+1 2
cfi=(26)
cfn=(72)
calls=1 53 
* 15
* 1
-2 9
+7 1
-1 1
+1 1
-1 2
+7 1
-7 1
+7 2
-13 2
+7 2
-1 2
+1 2
-1 4
+7 2
-7 2
+7 6
+2 8
+1 4
-1 4
+1 3
+2 9
+1 6
+28 18
cfi=(26)
cfn=(72)
calls=2 53 
* 37
* 10
-6 3
-28 6
+31 10
-6 2
+16 2
+2 1
+1 1
-1 1
+2 3
+7 3
+3 3
+3 8
481 9
-1 4
+1 9
202 2
+27 8
-19 4
+8 25
+2 2
+2 8
+2 30
338 6
611 8
cfi=(18)
cfn=(46)
calls=1 61 
* 28
+2 1
-38 1
+38 1
209 2

fn=(136)
60 4
+7 2
-4 22
cfi=(22)
cfn=(104)
calls=2 2189 
* 5721
* 2
+5 4

fl=(66) /build/glibc-Cl5G7W/glibc-2.23/elf/../sysdeps/x86_64/dl-trampoline.h
fn=(260) _dl_runtime_resolve_avx
64 1
+3 1
+2 1
+2 1
+3 1
+1 1
+1 1
+1 1
+1 1
+1 1
+1 1
+1 1
+1 1
+1 1
+1 1
+1 1
+1 1
+1 1
+1 1
+5 1
+1 1
+1 1
+1 1
+14 1
+1 1
+1 1
cfi=(67)
cfn=(262)
calls=1 -46 
* 889
+1 1
+5 1
+1 1
+1 1
+1 1
+13 1
+1 1
+1 1
+1 1
+1 1
+1 1
+1 1
+1 1
+1 1
+1 1
+1 1
+1 1
+1 1
+1 1
+1 1
+2 1
+2 1
+4 1
+3 1
cob=(3)
cfi=(68) /build/glibc-Cl5G7W/glibc-2.23/csu/../csu/libc-start.c
cfn=(266) (below main)
calls=1 -25 
* 5518215

fn=(261) _dl_runtime_resolve_avx'2
64 17
+3 17
+2 17
+2 17
+3 17
+1 17
+1 17
+1 17
+1 17
+1 17
+1 17
+1 17
+1 17
+1 17
+1 17
+1 17
+1 17
+1 17
+1 17
+5 17
+1 17
+1 17
+1 17
+14 17
+1 17
+1 17
cfi=(67)
cfn=(262)
calls=17 -46 
* 14119
+1 17
+5 17
+1 17
+1 17
+1 17
+13 17
+1 17
+1 17
+1 17
+1 17
+1 17
+1 17
+1 17
+1 17
+1 17
+1 17
+1 17
+1 17
+1 17
+1 17
+2 17
+2 17
+4 17
+3 17
cob=(3)
cfi=(121) /build/glibc-Cl5G7W/glibc-2.23/stdlib/exit.c
cfn=(600) exit
calls=1 -55 
* 897
cob=(3)
cfi=(120) /build/glibc-Cl5G7W/glibc-2.23/libio/iofflush.c
cfn=(588) fflush
calls=1 33 
* 159
cob=(3)
cfi=(113) /build/glibc-Cl5G7W/glibc-2.23/debug/printf_chk.c
cfn=(552) __printf_chk
calls=1 26 
* 996
cob=(3)
cfi=(112) /build/glibc-Cl5G7W/glibc-2.23/string/../sysdeps/x86_64/multiarch/strcmp-sse2-unaligned.S
cfn=(546) __strcmp_sse2_unaligned
calls=1 24 
* 21
cob=(3)
cfi=(109) /build/glibc-Cl5G7W/glibc-2.23/stdlib/atoi.c
cfn=(534) atoi
calls=1 26 
* 165
cob=(3)
cfi=(102) /build/glibc-Cl5G7W/glibc-2.23/stdlib/msort.c
cfn=(510) qsort
calls=1 308 
* 4050580
cob=(3)
cfi=(100) /build/glibc-Cl5G7W/glibc-2.23/libio/iofclose.c
cfn=(486) fclose@@GLIBC_2.2.5
calls=1 39 
* 558
cob=(3)
cfi=(99) /build/glibc-Cl5G7W/glibc-2.23/libio/ferror_u.c
cfn=(480) ferror_unlocked
calls=1 36 
* 4
cob=(3)
cfi=(73)
cfn=(456) realloc
calls=1 2974 
* 248
cob=(3)
cfi=(95) /build/glibc-Cl5G7W/glibc-2.23/libio/getc_u.c
cfn=(424) getc_unlocked
calls=1 36 
* 386
cob=(3)
cfi=(86) /build/glibc-Cl5G7W/glibc-2.23/libio/iofopen.c
cfn=(372) fopen@@GLIBC_2.2.5
calls=1 -62 
* 761
cob=(3)
cfi=(82) /build/glibc-Cl5G7W/glibc-2.23/posix/getopt1.c
cfn=(352) getopt_long
calls=1 -95 
* 409
cob=(3)
cfi=(81) /build/glibc-Cl5G7W/glibc-2.23/string/../sysdeps/x86_64/multiarch/strcpy-sse2-unaligned.S
cfn=(344) __strcpy_sse2_unaligned
calls=1 47 
* 28
cob=(3)
cfi=(78) /build/glibc-Cl5G7W/glibc-2.23/string/../sysdeps/x86_64/strlen.S
cfn=(334) strlen
calls=1 -93 
* 34
cob=(3)
cfi=(77) /build/glibc-Cl5G7W/glibc-2.23/csu/errno-loc.c
cfn=(322) __errno_location
calls=1 26 
* 3
cfi=(76)
cfn=(310)
calls=1 +23 
* 32
cob=(3)
cfi=(73)
cfn=(298) mallopt
calls=1 4753 
* 58567

fl=(6)
fn=(176) check_match
92 768
+3 672
+12 576
+3 528
cfi=(19)
cfn=(54)
calls=36 +34 
* 1426
* 72
+5 96
-1 96
+1 96
+2 190
+19 190
+1 760
+46 96
-7 96
+7 480
-18 2
+2 1
+1 4
-1 5
-29 285
cfi=(19)
cfn=(54)
calls=95 +6 
* 2280
* 285

fn=(174) do_lookup_x
355 714
+1 102
-1 510
+48 102
-30 102
-11 102
+41 102
+7 204
-7 204
-30 408
+37 408
-44 204
+3 204
-3 416
+3 416
+4 644
+4 612
+4 612
+6 918
+8 306
-4 306
+1 306
+3 612
+1 918
+3 306
+1 612
+2 612
+8 306
-8 306
+8 3060
-99 210
553 1524
+1 106
cfi=(34)
cfn=(106)
calls=53 288 
* 4827
* 159
+3 642
+3 6
+1 816
-92 192
+50 716
+4 39
+12 192
+1 96
+1 192
413 612
+2 204
+2 1326
+13 318
-10 1010
+2 192
+1 480
-1 96
+1 672
-1 96
+1 288
cfn=(176)
calls=96 92 
* 9004
+4 288
+34 12
+94 42
439 864

fn=(172)
806 1122
568 102
806 408
568 510
+1 102
-1 102
+1 306
-1 306
+1 1205
-1 1205
+1 3615
-1 3819
808 102
+4 102
+4 102
-8 102
+1 204
+7 292
+7 102
-2 102
+2 102
-2 102
+6 102
-7 102
+7 204
-7 612
+15 6
-8 30
+2 1428
cfn=(174)
calls=102 355 
* 39855
+3 306
+26 204
+22 96
+1 672
+31 96
+9 480
+14 288
+3 384
+5 96
+2 816
-85 42
+16 6
+1 12
+59 2

fn=(10)
956 12
+4 4
+4 8
+2 4
-1 4
+3 12
+1 4
+1 4
+3 4
-3 4
+7 4
-4 4
-1 4
+3 4
+2 4
-7 4
+7 4
+1 4

fl=(24)
fn=(112)
84 8
+1 2

fn=(110)
84 28
+1 3
+1 20

fn=(68)
84 12
+2 15

fn=(132)
84 12
+1 3

fl=(9)
fn=(60)
45 7
+2 3
+85 8
-45 3
cfi=(21) /build/glibc-Cl5G7W/glibc-2.23/posix/../sysdeps/unix/syscall-template.S
cfn=(62) uname
calls=1 -3 
* 5
* 1
+15 1
-15 1
+20 1
-1 1
+3 12
+4 3
-2 6
+2 9
+7 3
-1 3
+4 3
-2 3
+2 10
+5 2

fl=(12)
fn=(24)
34 4
+8 6
+4 2
+16 5

fl=(13)
fn=(28)
30 3
+3 10
+13 24
-13 72
+2 52
+1 14
+5 2
-3 2
+3 2
+2 2
-12 1
+19 1

fl=(21)
fn=(62)
84 4
+1 1

ob=(3)
fl=(94) /build/glibc-Cl5G7W/glibc-2.23/string/../string/strstr.c
fn=(412) __GI_strstr
53 7
+10 3
+2 2
+1 1
+23 8
-26 1
-5 2

fl=(80)
fn=(342)
64 1
+1 1
+1 1
+1 1
+5 1

fl=(108) /build/glibc-Cl5G7W/glibc-2.23/misc/../sysdeps/unix/sysv/linux/getpagesize.c
fn=(524) getpagesize
28 8
+2 2

fl=(62)
fn=(242) handle_intel
262 4
-1 4
+17 2
-17 12
+14 2
+1 4
-3 6
+23 8
cfn=(244) intel_check_word
calls=2 133 
* 666
+1 4
+3 10
cfn=(244)
calls=2 133 
* 238
+1 4
-17 4
+5 2
-5 6
+5 2
+2 2
+1 2
-1 4
+27 16

fn=(244)
133 8
+6 4
-7 20
+7 16
-7 4
+7 4
+2 4
-2 4
+2 4
+68 8
+3 24
-69 4
+2 8
-2 6
+2 12
+8 20
+51 16
+22 8
fi=(63) /build/glibc-Cl5G7W/glibc-2.23/string/../bits/stdlib-bsearch.h
27 8
+1 16
+3 16
+1 8
fe=(62)
+89 16
fi=(63)
-90 12
+1 6
fe=(62)
+89 12
+3 54
fi=(63)
-95 44
+2 44
-2 44
+2 80
+1 40
fe=(62)
+89 80
251 8
141 16
-6 2
256 24
fi=(63)
37 10
-8 24
fe=(62)
165 6
+3 6
+4 4
+2 4
+1 14
+2 7
-12 2
+12 2
+1 10
+1 10
+1 6
+17 3
-32 9
+3 9
+4 6
+2 6
+1 12
+2 12
+5 2
+2 4
+2 32

fn=(240)
482 2
+12 1
-12 3
+12 3
+2 4
cfn=(242)
calls=1 262 
* 455
+4 2
-4 1
+4 1
cfn=(242)
calls=1 262 
* 547
+2 1
-2 1
-1 1
+3 1
+9 2
+2 1
+1 1
+2 1
+5 2
+9 4
-9 4
+9 16
-9 12
+6 8
+69 4
+1 5
+55 2
+2 1
+1 1
+2 1
-3 1
+5 1
-5 1
+4 3
+4 2
+2 1
+1 1
+2 1
-3 1
+5 1
-5 1
+4 2
+3 1
-3 1
+3 5
532 1
+32 1
-26 6
+7 5
+2 1
+1 1
+1 2
-4 4
+2 1
+1 1
+1 6
+2 2
-6 2
+6 2
+5 1
+2 2
+1 1
-1 1
+1 3
+6 1
-1 1
+1 5

fl=(75) /build/glibc-Cl5G7W/glibc-2.23/elf/dl-addr.c
fn=(302) _dl_addr
126 9
+5 1
-5 2
+5 2
cob=(1)
cfi=(2)
cfn=(50)
calls=1 704 
* 2
+2 2
cob=(1)
cfi=(66)
cfn=(261)
calls=1 -69 
* 1190
* 5
+2 2
30 1
+1 1
-1 1
+1 1
+3 2
+5 1
+6 1
-7 1
+2 2
+2 1
-2 1
+2 1
+3 1
+5 8
+2 1
+1 2
-1 1010
+1 2020
+2 3628
+9 2010
+7 24
-2 24
+2 2259
-2 2211
+2 5750
-10 11175
+2 8940
+1 14318
+7 1011
-21 2022
+49 3
+1 1
+1 3
+3 2
+37 2
cob=(1)
cfi=(2)
cfn=(52)
calls=1 710 
* 2
+3 9
-28 1
+1 1
+21 2

fl=(99)
fn=(480)
36 3
+1 1

fl=(77)
fn=(322)
26 2
+1 1

fl=(92) /build/glibc-Cl5G7W/glibc-2.23/libio/fileops.c
fn=(404) _IO_file_fopen@@GLIBC_2.2.5
249 7
+11 2
+2 3
+25 12
+41 6
cfn=(406) _IO_file_open
calls=1 214 
* 45
+3 1
-3 1
+3 1
+17 3
cfi=(94)
cfn=(412)
calls=1 53 
* 24
+1 1
-1 1
+1 1
-83 1
-1 1
-15 2
425 1
-76 1
+76 7

fn=(444) _IO_file_read
1216 12
cfi=(93) /build/glibc-Cl5G7W/glibc-2.23/io/../sysdeps/unix/syscall-template.S
cfn=(446) read
calls=3 84 
* 21

fn=(400) _IO_file_init@@GLIBC_2.2.5
144 2
+4 1
-4 2
+5 1
-1 1
+3 1
cfi=(91) /build/glibc-Cl5G7W/glibc-2.23/libio/genops.c
cfn=(402) _IO_link_in
calls=1 -53 
* 81
+1 1
+1 4

fn=(406)
214 6
+3 2
+8 2
+3 2
+3 1
-3 1
-1 1
+1 2
+3 1
-3 1
+3 1
+10 2
cfi=(91)
cfn=(402)
calls=1 98 
* 4
+1 1
+1 4
-22 4
cfi=(93)
cfn=(408) open
calls=1 84 
* 7
* 3

fn=(502) _IO_file_finish@@GLIBC_2.2.5
200 1
+1 1
-1 1
+1 1
+6 2
+1 1
-1 1
cfi=(91)
cfn=(504) _IO_default_finish
calls=1 639 
* 19

fn=(558) _IO_file_xsputn@@GLIBC_2.2.5
1287 4000
-1 8000
-6 10000
+13 4000
+17 4000
+1 999
+3 3996
+5 3996
cfi=(119) /build/glibc-Cl5G7W/glibc-2.23/string/../sysdeps/x86_64/memcpy.S
cfn=(572) __GI_mempcpy
calls=999 61 
* 21822
* 999
+6 999
-1 999
+1 1998
+2 1998
+27 2000
+1 11000
-24 5
cfn=(560) _IO_file_overflow@@GLIBC_2.2.5
calls=1 808 
* 413
* 2
+6 2
+1 3
+2 3
+11 2
+1 4
cfi=(91)
cfn=(568) _IO_default_xsputn
calls=1 425 
* 48
* 2
-14 4

fn=(590) _IO_file_sync@@GLIBC_2.2.5
868 2
+5 2
-5 2
+5 6
+1 5
+1 2
+1 4
+17 4
+4 4
-23 2
cfn=(566) _IO_do_write@@GLIBC_2.2.5
calls=1 494 
* 96
* 3

fn=(494) _IO_file_close
1250 5
+1 1

fn=(560)
808 6
+7 2
-8 10
+8 6
+35 4
+3 2
+3 3
+1 3
+1 2
+4 1
+1 4
-45 2
+12 2
+9 4
+8 1
-4 1
+3 2
-2 2
-3 1
+1 2
+5 1
-1 1
+1 3
+7 7
-3 2
+12 3
-12 1
cfn=(566)
calls=1 494 
* 4
-31 2
cfi=(91)
cfn=(432) _IO_doallocbuf
calls=1 395 
* 361
+1 6
+33 3
cfn=(566)
calls=1 494 
* 96
* 3

fn=(566)
494 9
+1 1
-3 16
+11 4
+7 8
+8 10
cfn=(576) _IO_file_write@@GLIBC_2.2.5
calls=2 1258 
* 88
* 2
+1 10
+6 2
-4 2
+4 2
-4 6
+1 4
+3 4
-2 2
-29 8
+1 12
+29 6

fn=(646) _IO_file_setbuf@@GLIBC_2.2.5
450 2
+1 1
cfi=(91)
cfn=(648) _IO_default_setbuf
calls=1 +71 
* 51
* 2
+4 2
-1 2
+2 3
+2 1
+1 2

fn=(430) _IO_file_underflow@@GLIBC_2.2.5
539 9
+6 9
-14 12
+17 6
+13 6
+20 6
cfi=(91)
cfn=(442) _IO_switch_to_get_mode
calls=3 176 
* 60
+6 3
+5 12
-5 6
+1 3
+2 3
-1 6
+3 3
cfn=(444)
calls=3 1216 
* 33
+2 6
+16 2
-9 2
+9 4
+2 4
+1 8
-16 1
-1 1
+1 2
+10 1
+6 1
-5 1
+5 3
-62 3
+5 2
cfi=(91)
cfn=(432)
calls=1 395 
* 267
* 2

fn=(436) _IO_file_stat
1229 2
+1 6
cfi=(97) /build/glibc-Cl5G7W/glibc-2.23/io/../sysdeps/unix/sysv/linux/wordsize-64/fxstat.c
cfn=(438) _fxstat
calls=2 34 
* 20

fn=(490) _IO_file_close_it@@GLIBC_2.2.5
160 3
-2 2
+9 1
-9 1
+5 5
+6 1
+3 1
-3 1
cfi=(91)
cfn=(492) _IO_unsave_markers
calls=1 1049 
* 7
+3 2
+4 3
+9 5
cfi=(91)
cfn=(440) _IO_setb
calls=1 380 
* 162
+1 2
+3 1
-3 1
+1 3
+2 1
cfi=(91)
cfn=(488) _IO_un_link
calls=1 60 
* 3
+5 2
-4 1
+1 1
+1 1
+2 1
+1 4
-23 3
cfn=(494)
calls=1 1250 
* 6
* 2

fn=(576)
1258 2
-2 12
+2 8
+4 4
+1 4
+10 6
+3 12
-13 8
cfi=(93)
cfn=(578) write
calls=2 84 
* 14
+1 4
+5 2
+1 2
-12 10

fl=(109)
fn=(534)
26 17424
+1 52272
cfi=(110) /build/glibc-Cl5G7W/glibc-2.23/stdlib/../stdlib/strtol.c
cfn=(536) strtol
calls=17424 +79 
* 3404368
+1 34848

fl=(89) /build/glibc-Cl5G7W/glibc-2.23/misc/sbrk.c
fn=(392) sbrk
34 2
+8 2
-8 6
+8 9
+4 4
+4 6
+12 5
-19 2
cfi=(90) /build/glibc-Cl5G7W/glibc-2.23/misc/../sysdeps/unix/sysv/linux/x86_64/brk.c
cfn=(394) brk
calls=1 -12 
* 12
* 4
+15 2
cfi=(90)
cfn=(394)
calls=1 -27 
* 12
* 2
+4 5

fl=(87) /build/glibc-Cl5G7W/glibc-2.23/malloc/hooks.c
fn=(380) malloc_hook_ini
29 4
fi=(74) /build/glibc-Cl5G7W/glibc-2.23/malloc/arena.c
260 1
fe=(87)
30 1
fi=(74)
260 1
fe=(87)
30 1
fi=(74)
260 2
fi=(73)
2908 2
+3 7
+2 3
cfn=(386) _int_malloc
calls=1 3349 
* 380
+3 1
-3 1
+3 1
+8 4
+2 11
fe=(87)
33 4
fi=(73)
2911 6
fe=(87)

fn=(458) realloc_hook_ini
37 9
+1 1
+1 1
-1 1
fi=(74)
260 1
fe=(87)
39 1
fi=(74)
260 3
fi=(73)
2982 2
+4 2
+7 2
fe=(87)
42 9
fi=(73)
2994 2
cfn=(378)
calls=1 -92 
* 186
* 2
fe=(87)

fl=(90)
fn=(394)
31 16
+8 2
-6 4
+7 2

fl=(84) /build/glibc-Cl5G7W/glibc-2.23/stdlib/getenv.c
fn=(358) getenv
34 8
+1 1
cfi=(78)
cfn=(334)
calls=1 +31 
* 16
* 1
+4 7
+3 2
+49 9
-24 1
+6 1
+2 1
-3 1
+3 106
+9 52

fl=(61) /build/glibc-Cl5G7W/glibc-2.23/ctype/ctype-info.c
fn=(238) __ctype_init
31 5
+2 1
+2 1
-4 1
+4 1
-4 1
+2 3
+2 3

fl=(113)
fn=(552)
26 12000
+4 17000
+1 2000
+1 2000
+2 1000
+1 3000
-1 5000
+1 1000
cfi=(114) /build/glibc-Cl5G7W/glibc-2.23/stdio-common/vfprintf.c
cfn=(554) vfprintf
calls=1000 1236 
* 486106
+3 1000
-3 1000
+3 1000
+1 2000
fi=(118) /build/glibc-Cl5G7W/glibc-2.23/debug/../libio/libioP.h
875 1000
+1 2000
+1 8000
fe=(113)
43 6000

fl=(126) /build/glibc-Cl5G7W/glibc-2.23/posix/../sysdeps/unix/sysv/linux/_exit.c
fn=(650) _Exit
27 2
+4 1
+2 2

fl=(71) /build/glibc-Cl5G7W/glibc-2.23/setjmp/../sysdeps/x86_64/setjmp.S
fn=(288) __sigsetjmp
26 1
+9 1
+1 2
+1 1
+4 1
+1 1
+1 1
+1 1
+1 1
+2 2
+2 1
+1 1
+1 1
+2 2
+2 1
+9 1
cfi=(72) /build/glibc-Cl5G7W/glibc-2.23/setjmp/sigjmp.c
cfn=(290) __sigjmp_save
calls=1 -36 
* 9

fl=(103) /build/glibc-Cl5G7W/glibc-2.23/posix/../sysdeps/unix/sysv/linux/x86/sysconf.c
fn=(514) sysconf
32 6
+1 2
-1 2
+1 4
fi=(104) /build/glibc-Cl5G7W/glibc-2.23/posix/../sysdeps/unix/sysv/linux/x86/../sysconf.c
+39 9
+29 1
-29 1
fi=(105) /build/glibc-Cl5G7W/glibc-2.23/posix/../sysdeps/posix/sysconf.c
-19 12
fi=(104)
+19 2
fe=(103)
-35 8
fi=(105)
214 1
cfi=(108)
cfn=(524)
calls=1 28 
* 5
* 2
633 1
cfi=(106) /build/glibc-Cl5G7W/glibc-2.23/misc/../sysdeps/unix/sysv/linux/getsysstats.c
cfn=(520) get_phys_pages
calls=1 314 
* 81
* 1
fe=(103)

fl=(46)
fn=(544)
87 1
+2 1
+1 1
+1 1
+12 1

fn=(178)
109 1
+1 1
+1 1
+1 1
+10 1

fn=(188)
129 1
+1 1
+1 1
+1 1
+10 1

fl=(97)
fn=(438)
34 2
-1 2
+1 2
+1 12
+4 2

fl=(121)
fn=(600)
104 1
-1 1
+1 2
cfn=(602) __run_exit_handlers
calls=1 -69 
* 893

fn=(602)
35 8
+5 1
cfi=(122) /build/glibc-Cl5G7W/glibc-2.23/stdlib/cxa_thread_atexit_impl.c
cfn=(604) __call_tls_dtors
calls=1 145 
* 11
* 1
+6 8
+4 6
+3 1
-1 1
+2 5
+33 1
+1 1
-1 1
+1 1
+6 2
+1 5
cfi=(91)
cfn=(642) _IO_cleanup
calls=1 948 
* 248
* 3
+2 2
cfi=(126)
cfn=(650)
calls=1 -70 
* 5
-19 1
+4 1
-4 1
+2 1
+2 1
-2 2
+2 1
cob=(1)
cfi=(123)
cfn=(606)
calls=1 +48 
* 573
+1 1

fl=(72)
fn=(290)
28 1
+1 1
-1 2
+1 2
+5 3

fl=(82)
fn=(352)
64 2
+1 6
cfi=(83) /build/glibc-Cl5G7W/glibc-2.23/posix/getopt.c
cfn=(354) _getopt_internal
calls=2 1169 
* 513
+1 4

fl=(122)
fn=(604)
145 3
+1 4
+18 4

fl=(100)
fn=(486)
39 3
+14 1
-14 1
+14 2
+9 4
cfi=(92)
cfn=(502)
calls=1 200 
* 27
+1 3
+18 6
+3 2
cob=(2)
cfi=(16)
cfn=(496)
calls=1 -84 
* 150
+4 5
-34 1
cfi=(91)
cfn=(488)
calls=1 +6 
* 88
+2 19
+1 2
+1 2
cfi=(92)
cfn=(490)
calls=1 160 
* 226
* 3
fi=(101) /build/glibc-Cl5G7W/glibc-2.23/libio/libioP.h
866 2
+1 9
fe=(100)
78 2

fl=(120)
fn=(588)
33 2
-1 1
+7 16
+1 4
cfi=(92)
cfn=(590)
calls=1 868 
* 119
* 4
fi=(101)
866 2
+1 8
fe=(120)
44 3

fl=(88) /build/glibc-Cl5G7W/glibc-2.23/malloc/morecore.c
fn=(390) __default_morecore
46 2
+1 2
cfi=(89)
cfn=(392)
calls=2 -13 
* 73
+1 6
+4 4

fl=(73)
fn=(378)
2902 3015
+5 2010
+1 2010
+3 8032
+2 3012
cfn=(386)
calls=1004 3349 
* 248147
+3 1004
-3 1004
+3 1004
+8 4016
+2 11044
+3 4016
-18 6024
-2 1
+20 3
-20 1
cfi=(87)
cfn=(380)
calls=1 29 
* 430

fn=(312) malloc_consolidate
4144 4
-22 8
+23 3
+12 1
5002 1
4147 1
+11 1
-1 1
5004 1
-2 1
+2 5
4160 2
+1 2
-1 18
+1 18
+50 40
+6 8
4996 4
1808 3
-3 2
+3 378
-3 252
+7 3
+5 1
+2 1
-2 2
-1 3

fn=(386)
3349 3042
-30 2028
+30 1014
-30 4056
+30 3042
-30 1014
+30 3042
+4 3042
+14 2028
+37 2028
+2 3006
+1 3006
+2 1002
-2 1002
+2 2004
+39 90
+1 24
3819 14196
-2 1014
+2 1014
-2 1014
+2 2028
5002 1014
3817 1014
+2 1014
5004 1014
3819 1014
5004 1014
3819 3042
5004 2028
3819 4056
5002 2028
3469 2028
+66 354
+1 531
+1 177
-1 354
+51 885
+7 177
-6 177
+1 177
+1 177
+1 177
+3 177
-58 496
+51 2480
+7 496
-6 496
+1 496
+1 496
+1 496
+3 496
3469 5061
+3 681
-1 681
+1 1362
+1 1362
+3 681
+10 2720
+34 681
-5 681
+1 681
+4 681
+13 1346
+8 2580
+1 1192
+1 298
+3 596
-4 792
+1 198
+3 396
1879 664
3770 664
1879 1328
3833 9126
3541 1386
-54 1358
+97 1984
+19 2012
+73 2012
+1 2012
+1 2012
+1 2012
+1 2012
+5 2810
+16 7005
+2 14010
-4 16004
+8 997
+3 1994
+2 333
+2 333
-1 333
-1 999
-27 333
+27 333
-27 333
+4 2901
+3 3828
-3 2478
+3 3272
-3 1052
+3 1569
3792 342
+3 342
-2 684
+2 684
+17 2
3523 8
-1 8
+1 16
1879 8
3526 8
1879 16
3605 36
+3 12
-3 12
+3 36
3448 15
1879 4
3448 423
3692 1269
+2 846
+1 846
-1 404
+1 404
-3 606
+27 1328
+3 1328
+5 664
-3 1328
+3 664
-3 664
+3 9453
+3 1328
+15 664
+1 1328
-6 664
+17 664
-6 664
+1 664
+1 664
+1 664
+3 664
+1 663
+1 1328
+2 445
+1 445
+2 445
+2 445
-2 3115
+2 1335
+1 1335
-3 219
+2 219
-2 1533
+2 657
+1 657
+60 3
cfn=(388) sysmalloc
calls=1 2268 
* 249
+1 2
-28 341
-3 341
+1 341
+2 341
-1 341
+1 682
+2 341
-2 1364
+2 341
+3 341
1879 1023
3727 5940

fn=(464) _int_realloc
4226 10150
+21 3045
+1 3045
+11 3045
+2 1015
+1 3045
+2 4060
+6 2030
+99 2000
+2 2000
+17 1000
+1 8048
4280 30
+13 9
-1 18
+12 36
cfn=(386)
calls=9 3349 
* 1219
+1 9
-1 9
+1 9
+9 36
+13 9
+3 18
+1 18
+2 18
+25 36
cfn=(466) _int_free
calls=9 3841 
* 826
+31 9
-29 9
+29 63
-10 2000
-1 1000
+1 3000
+1 1000
+4 1000
-4 1000
+4 1000
-4 2000
+3 1000
+1 1000
cfn=(466)
calls=1000 3841 
* 109816
* 1000
-50 27
cfi=(98) /build/glibc-Cl5G7W/glibc-2.23/string/../sysdeps/x86_64/multiarch/../memcpy.S
cfn=(472) __GI_memcpy
calls=9 61 
* 4080
* 9
+45 2000
-99 6
+1 6
-1 12
+4 36
+1 6
-1 6
+2 6
-2 6
+2 6
-2 6
+1 6
+1 6
+2 12

fn=(468) systrim.isra.2
2759 2310
+11 990
+2 330
+1 660
+1 330
+49 2640

fn=(498)
2934 15
+5 6
+1 6
+6 6
+5 3
-2 3
+2 6
+16 9
+1 6
cfn=(466)
calls=3 3841 
* 358
+1 18

fn=(456)
2974 18144
+7 4032
+1 4032
+4 4030
+7 4030
+6 1015
-2 1015
+2 1015
+2 1015
-2 1015
+2 2030
+17 8120
+2 2030
+44 18144
-60 2030
+39 6090
+2 5075
cfn=(464)
calls=1015 4226 
* 175916
* 1015
+2 4060
+1 10150
-38 4060
+1 2030
-7 2030
-21 2
cfi=(87)
cfn=(458)
calls=1 37 
* 222
* 2
+11 2000
cfn=(378)
calls=1000 -92 
* 293451
* 2000

fn=(388)
2268 8
+20 1
+11 1
-11 1
+11 1
+1 5
fi=(74)
488 3
fe=(73)
2315 5
+65 1
+1 3
+10 1
-9 1
+9 5
+6 4
+3 3
2723 2
+1 1
+8 4
+5 1
-3 1
+3 1
-2 1
+2 3
+1 1
-1 1
-1 1
+4 1
-3 2
+1 1
+8 9
2463 1
-8 4
+8 1
+21 5
cfi=(88)
cfn=(390)
calls=1 46 
* 62
* 1
+1 1
+3 4
+3 2
+1 2
+20 2
+26 2
+2 2
+6 1
-6 1
+6 1
2321 1
2464 1
+10 5
+8 1
-8 1
+8 1
+67 7
+37 2
+6 3
+19 1
+3 2
+1 5
+2 1
-2 1
+2 1
+1 3
cfi=(88)
cfn=(390)
calls=1 46 
* 25
+12 2
+8 1
+1 1
-1 2
+1 2
+39 1
+1 1
-2 1
+1 3
+12 1
-12 1
+1 1
+11 1
2539 5

fn=(466)
3841 9108
+13 1012
-13 1012
+13 2024
+6 4048
+1 2024
+11 4048
+13 2024
4105 8096
3960 2024
+1 3036
+9 1009
-4 1009
+4 3027
3852 1009
3976 2024
+8 3036
+6 2024
+1 2024
+1 2024
1886 3036
4001 2024
+7 2024
+5 1364
+1 9960
+1 664
+11 664
-1 664
+2 1328
-1 18
-1 18
+2 36
+7 682
-2 682
+1 682
+1 682
+2 497
+1 497
+2 497
+1 497
+2 1491
+1 497
+30 994
-34 185
+1 185
+2 555
+1 185
+30 1030
+1 660
+3 990
3962 15
+8 3
-4 3
+4 9
-7 6
4093 3036
+1 9
+1 15
-78 36
-3 1338
+40 330
+1 990
+1 660
-80 5060
4079 1650
+2 1320
cfn=(468)
calls=330 2759 
* 7260
* 330

fn=(298)
4753 10
+4 6
+2 12
+2 4
cfn=(312)
calls=2 4144 
* 764
+2 2
+2 14
+72 8
+2 10
-65 1
+19 2
+4 1
+3 1
-1 1
-44 2
+23 1
+3 1
-1 1
-25 1
+27 1
+32 1
cfi=(74)
cfn=(300) ptmalloc_init.part.5
calls=1 258 
* 57876
* 1

fl=(81)
fn=(344)
47 1
+2 1
+5 1
+1 1
+1 1
295 1
+1 1
+1 1
+1 1
+1 1
+10 1
+1 1
+2 1
+1 1
+1 1
+10 1
+1 1
+26 1
+1 1
+5 1
+1 4
649 1
+1 1
+1 1
+9 1

fl=(107) /build/glibc-Cl5G7W/glibc-2.23/misc/../sysdeps/unix/syscall-template.S
fn=(522) sysinfo
84 4
+1 1

fl=(50)
fn=(190)
45 1
+1 1
+1 1
+1 1
+1 1
+1 1

fn=(186)
45 1
+1 1
+1 1
+1 1
+1 1
+1 1

fl=(64)
fn=(248)
33 3
+1 1

fl=(86)
fn=(372)
97 2
cfn=(374) __fopen_internal
calls=1 -36 
* 759

fn=(374)
61 6
+8 1
-8 2
+8 1
cob=(2)
cfi=(16)
cfn=(376)
calls=1 -69 
* 443
+2 3
+3 1
+3 4
-3 1
+3 2
cfi=(91)
cfn=(396) _IO_no_init
calls=1 599 
* 58
+4 1
+1 1
-1 1
+1 1
cfi=(92)
cfn=(400)
calls=1 +62 
* 94
+4 5
cfi=(92)
cfn=(404)
calls=1 249 
* 121
* 1
+1 1
-1 1
+6 5
-5 1
cfn=(414) __fopen_maybe_mmap
calls=1 -46 
* 4

fn=(414)
41 1
-2 1
+2 1
+15 1

fl=(98)
fn=(472)
61 1484
+2 1484
+2 1484
+3 1262
+1 1262
+11 1262
+1 1262
+11 1262
+1 1262
+11 1262
+1 1262
+2 849
+1 849
+2 849
+1 849
+5 849
+1 849
-1 413
+1 995
+5 582
+1 582
+1 582
+1 582
+2 582
+2 582
+1 582
+2 582
+8 1262
+8 386
+6 386
+2 386
+1 386
+26 386
+1 386
+3 371
+1 371
+1 371
+5 763
+2 763
+1 763
+1 763
+1 763
+2 763
+1 763
+1 763
+1 763
+2 763
+1 763
+2 763
+2 476
+2 476
+1 476
+1 476
+1 476
+2 476
+1 476
+1 476
+1 476
+2 476
+1 476
+2 644
+5 84
+6 84
+1 84
-7 287
+6 287
+1 287
+2 207
+17 15
+1 15
+1 15
+5 15
+1 15
+4 15
+1 15
+2 6663
+1 15
+6 15
+1 15
+1 15
+3 15
+6 15
+1 15
+2 15

fl=(110)
fn=(536)
106 69696
cfi=(111) /build/glibc-Cl5G7W/glibc-2.23/stdlib/../stdlib/strtol_l.c
cfn=(538) ____strtol_l_internal
calls=17424 227 
* 3334672

fl=(93)
fn=(408)
84 2
cfn=(410) __open_nocancel
calls=1 * 
* 5

fn=(446)
84 6
cfn=(448) __read_nocancel
calls=3 * 
* 15

fn=(580) __write_nocancel
84 10

fn=(410)
84 5

fn=(448)
84 15

fn=(578)
84 4
cfn=(580)
calls=2 * 
* 10

fl=(96) /build/glibc-Cl5G7W/glibc-2.23/libio/filedoalloc.c
fn=(434) _IO_file_doallocate
95 10
+15 12
cfi=(92)
cfn=(436)
calls=2 1229 
* 28
* 4
+2 8
+11 6
+4 4
cob=(2)
cfi=(16)
cfn=(376)
calls=2 0 
* 412
* 2
+2 2
-1 4
+2 8
cfi=(91)
cfn=(440)
calls=2 380 
* 36
+1 2
+1 10
-15 1
-2 9
-37 1
+1 1
-1 1
+1 1
cfi=(116) /build/glibc-Cl5G7W/glibc-2.23/io/../sysdeps/posix/isatty.c
cfn=(562) isatty
calls=1 -55 
* 26
+38 1
-37 1
+37 2

fl=(56)
fn=(228)
52 8
+6 3
+14 1
fi=(58) /build/glibc-Cl5G7W/glibc-2.23/csu/../sysdeps/unix/sysv/linux/x86_64/init-first.c
-36 1
fe=(56)
+34 1
+1 1
fi=(58)
-35 3
fe=(56)
+36 1
fi=(58)
-36 3
fi=(57) /build/glibc-Cl5G7W/glibc-2.23/csu/../sysdeps/generic/dl-hash.h
+12 3
+14 4
-17 3
+3 9
+14 12
-17 9
fi=(58)
-9 3
+2 2
-2 1
+2 2
cfi=(49) /build/glibc-Cl5G7W/glibc-2.23/elf/../sysdeps/unix/sysv/linux/dl-vdso.c
cfn=(184) _dl_vdso_vsym
calls=1 -11 
* 6
+1 2
+5 2
-3 2
+1 1
+2 1
cfi=(49)
cfn=(184)
calls=1 -17 
* 6
fe=(56)
+42 3
fi=(58)
-41 2
+1 1
fe=(56)
+40 1
cfi=(59) /build/glibc-Cl5G7W/glibc-2.23/misc/init-misc.c
cfn=(234) __init_misc
calls=1 -55 
* 48
+8 1
cfi=(61)
cfn=(238)
calls=1 -63 
* 16
+5 6
-34 1
-7 1
+7 4
fi=(58)
-25 2
fe=(56)

fl=(112)
fn=(546)
24 9
+1 9
+1 9
+1 9
+1 9
+1 9
+1 9
+1 8
+1 8
+1 8
+1 8
+1 8
+1 8
+1 8
+1 8
+1 8
+2 8
+1 8
+1 8
+1 8
+1 8
197 6
+1 6
+1 6
+1 6
+1 6
+2 7
+1 7
+1 7
+1 7
+1 1
+2 1
+1 1

fl=(78)
fn=(334)
66 2
+1 2
+1 2
+1 2
+1 2
+1 2
+1 2
+2 2
+2 2
+30 2
+1 2
+1 2
+1 2
+1 2
+1 1
+1 1
+4 1
+1 1
+1 1
+1 1
+1 1
+1 1
+1 1
+1 1
+1 1
+1 1
+1 1
+1 1
+5 8

fl=(102)
fn=(526) msort_with_tmp.part.0
40 5
+8 1
-8 2
+8 1
+3 1
-11 2
+9 1
+2 1
-11 3
+11 1
-6 5
cfn=(527) msort_with_tmp.part.0'2
calls=1 -5 
* 1794401
* 6
cfn=(527)
calls=1 -5 
* 1803957
+11 1
+1 1
-1 1
+2 1
-1 1
+2 1
+1 1
-1 1
+1 2
+98 2
+2 6
+1 7
-1 1
cfi=(98)
cfn=(472)
calls=1 -99 
* 1022
-79 5
+10 497
+2 497
-1 994
+3 497
-14 994
+11 500
+3 500
-14 2992
+2 3988
cob=(5)
cfi=(65)
cfn=(528) compare_keys
calls=997 -83 
* 435011
* 1994
+2 500
+2 500
-1 1000

fn=(527)
40 4990
+8 998
-8 1996
+8 998
+3 998
-11 1996
+9 998
+2 998
-11 2994
+11 998
-6 3454
cfn=(527)
calls=486 -5 
* 6472725
* 4036
cfn=(527)
calls=510 -5 
* 6592688
+11 998
+1 998
-1 998
+2 998
-1 998
+2 998
+1 998
-1 998
+1 1996
+98 1996
+2 5988
+1 6986
-1 998
cfi=(98)
cfn=(472)
calls=998 -99 
* 39414
-1 2380
cfi=(98)
cfn=(472)
calls=476 -98 
* 9125
* 476
-78 4990
+10 3875
+2 3875
-1 7750
+3 3875
-14 7750
+11 3840
+3 3840
-14 22066
+2 30860
cob=(5)
cfi=(65)
cfn=(528)
calls=7715 -83 
* 3372050
* 15430
+2 3840
+2 3840
-1 7680

fn=(512) qsort_r
166 12
+6 1
-6 1
+6 1
-5 1
+8 2
+10 3
+29 6
+7 1
+1 2
-1 1
+1 1
cob=(2)
cfi=(16)
cfn=(376)
calls=1 0 
* 285
+1 1
+1 1
-2 1
+2 1
-1 1
+1 1
+7 2
+8 1
-5 1
+1 1
+1 1
+1 1
+2 1
+61 10
-15 2
+2 2
+2 2
45 7
cfn=(526)
calls=1 -5 
* 4049904
299 2
cob=(2)
cfi=(16)
cfn=(496)
calls=1 0 
* 156
* 1
187 3
cfi=(103)
cfn=(514)
calls=1 32 
* 105
+2 9
+9 1
+5 2
cfi=(103)
cfn=(514)
calls=1 32 
* 33
* 4
+87 2
+1 2

fn=(510)
308 2
cfn=(512)
calls=1 166 
* 4050578

fl=(124)
fn=(628)
31 4
+17 1
-17 4
+4 4
+4 6
-4 3
+32 4
+4 6
-4 3
+12 2
+3 1
-2 1
+2 6
-2 1
cfi=(125) /build/glibc-Cl5G7W/glibc-2.23/nptl/unregister-atfork.c
cfn=(630) __unregister_atfork
calls=1 -52 
* 10

fl=(47)
fn=(180)
38 1
-1 1
+1 6
fi=(48) /build/glibc-Cl5G7W/glibc-2.23/time/../sysdeps/generic/dl-hash.h
+10 3
+14 4
-17 3
+3 9
+14 12
-17 9
fe=(47)
-7 3
+3 2
-3 1
+3 1
cfi=(49)
cfn=(184)
calls=1 -14 
* 6
+1 3
+1 2

fl=(69) /build/glibc-Cl5G7W/glibc-2.23/stdlib/cxa_atexit.c
fn=(268) __cxa_atexit
57 5
-22 1
+22 1
-22 1
cfn=(270) __new_exitfn
calls=1 +38 
* 38
+2 2
+4 1
+3 1
+1 1
-4 2
+2 1
+4 1
+1 1
+11 4

fn=(270)
73 2
+6 1
-6 1
+6 1
-6 1
+6 4
+2 6
+2 3
-2 1
+10 2
-10 2
+45 1
+1 1
+3 4
+3 5
-21 1
+1 2

fl=(83)
fn=(354)
1169 2
+3 6
+1 6
+2 10
cfn=(356) _getopt_internal_r
calls=2 394 
* 465
+4 2
+1 2
-1 2
+1 4
+1 6
+2 4
+1 4

fn=(356)
394 18
+3 2
-3 8
+1 2
-1 2
+1 2
+2 2
+5 4
-2 2
+2 4
+3 2
282 1
-4 2
+2 1
+2 1
cfi=(84)
cfn=(358)
calls=1 34 
* 206
* 1
+4 1
-4 4
+4 3
+5 2
+6 5
408 2
+5 1
+14 1
-14 2
+14 1
-14 1
+14 1
-14 1
+14 1
-14 2
+14 1
-14 1
+14 3
+94 2
+1 11
+1 3
826 1
+1 1
-1 3
+1 1
-1 1
+1 1
cfi=(85) /build/glibc-Cl5G7W/glibc-2.23/string/../sysdeps/x86_64/multiarch/../strchr.S
cfn=(360) __GI_strchr
calls=1 24 
* 23
+3 3
+3 5
+37 3
1095 4
402 3
+8 5
1163 8
433 6
+2 6
+3 4
+24 7
+21 2
+1 1
1163 1
485 1
1163 7
831 2
491 3
+12 7
-1 3
-59 6
+2 4
+7 9
+1 1
-1 9
+10 2
-8 2
+8 5
-16 4
+1 2

fl=(106)
fn=(520)
314 3
+3 2
cfi=(107)
cfn=(522)
calls=1 84 
* 5
-26 1
cfi=(108)
cfn=(524)
calls=1 28 
* 5
* 1
+27 2
-25 5
+5 2
+1 3
+2 1
+1 1
-3 2
+2 11
+1 11
-3 22
+20 4

fl=(114)
fn=(554)
1236 8000
+31 3000
+8 3001
+4 5000
+11 5000
+11 1000
fi=(128) /build/glibc-Cl5G7W/glibc-2.23/stdio-common/printf-parse.h
108 3000
fe=(114)
1316 1000
-15 5000
fi=(128)
108 1000
cfi=(115) /build/glibc-Cl5G7W/glibc-2.23/string/../sysdeps/x86_64/strchr.S
cfn=(556) strchrnul
calls=1000 -84 
* 20000
fe=(114)
1316 1000
fi=(128)
108 1000
fe=(114)
1312 1000
+4 2000
+4 8000
cfi=(92)
cfn=(558)
calls=1000 -33 
* 4000
* 4000
1685 5000
+1 2000
+2 1000
+1 8000
1275 1998
+41 6000
+1 6000
+3 2000
+4 1000
-4 1000
+4 2000
+4 12000
1552 2000
-21 2000
1632 2000
-1 2000
1370 30000
-7 2000
-1 2000
-3 2000
-1 2000
+8 2000
+4 2000
-3 2000
-10 2000
-1 2000
-1 2000
-1 2000
-1 2000
+14 2000
-15 2000
-1 2000
-1 2000
-1 2000
+18 4000
1649 2000
+2 4000
+8 2000
fi=(128)
108 4000
fe=(114)
1659 2000
fi=(128)
108 2000
fe=(114)
1659 2000
fi=(128)
108 4000
cfi=(115)
cfn=(556)
calls=2000 -84 
* 40000
fe=(114)
1663 2000
-4 2000
+4 22000
cfi=(92)
cfn=(558)
calls=2000 1287 
* 8000
* 26000
+2 5000
-33 12000
cfi=(92)
cfn=(558)
calls=1000 1287 
* 69294
* 68662
cfi=(91)
cfn=(574) __overflow
calls=1 230 
* 146
* 9005

fl=(119)
fn=(572)
61 999
+4 999
+3 999
+1 999
+2 253
+1 253
+2 253
+1 253
+5 253
+1 253
-1 746
+1 746
+2 710
+1 710
+2 710
+1 710
+5 710
+1 710
-1 289
+1 289
+2 996
+1 996
+2 996
+1 996
+5 996
+1 996
-1 3
+1 3
+11 999
+1 999
+21 999
+4 999

fl=(52)
fn=(194)
37 1
-1 1
+1 6
fi=(48)
+11 3
+14 4
-17 3
+3 9
+14 12
-17 9
fe=(52)
-8 3
+3 2
-3 1
+3 1
cfi=(49)
cfn=(184)
calls=1 -13 
* 6
+1 3
+1 2

fl=(74)
fn=(300)
258 6
+13 1
-8 1
+8 1
+6 3
+2 5
+16 2
-56 26
-18 81
+2 52
+1 2
+1 2
340 2
+6 2
+1 2
+2 1
+1 7
-78 5
cfi=(75)
cfn=(302)
calls=1 126 
* 57669
* 2
+1 4

fl=(70) /build/glibc-Cl5G7W/glibc-2.23/setjmp/../sysdeps/x86_64/bsd-_setjmp.S
fn=(286) _setjmp
30 1
+2 1
cfi=(71)
cfn=(288)
calls=1 -6 
* 28

fl=(60) /build/glibc-Cl5G7W/glibc-2.23/string/../sysdeps/x86_64/strrchr.S
fn=(236) rindex
24 1
+1 1
+1 1
+1 1
+1 1
+1 1
+1 1
+1 1
+1 1
+1 1
+1 1
+1 1
+1 1
+1 1
+1 1
+1 1
+1 1
+1 1
+1 1
+1 1
+1 1
+1 1
+1 1
+1 1

fl=(125)
fn=(630)
28 4
+8 1
+3 2
+82 3

fl=(115)
fn=(556)
24 3000
+1 3000
+1 3000
+1 3000
+1 3000
+1 3000
+1 3000
+1 3000
+1 3000
+1 3000
+1 3000
+1 3000
+1 3000
+1 3000
+1 3000
+1 3000
+1 3000
+1 3000
+2 3000
+7 3000

fl=(85)
fn=(360)
24 1
+1 1
+1 1
+1 1
+1 1
+1 1
+1 1
+1 1
+1 1
+1 1
+1 1
+1 1
+1 1
+1 1
+1 1
+1 1
+1 1
+1 1
+4 1
+1 1
+1 1
+1 1
+2 1

fl=(51)
fn=(192)
30 1
+1 1
+1 1
+1 1
+1 1
+1 1

fl=(95)
fn=(424)
36 39951
+1 6657
-1 3
cfi=(91)
cfn=(426) __uflow
calls=3 348 
* 596

fl=(59)
fn=(234)
31 2
-1 3
+1 4
+2 3
cfi=(60)
cfn=(236)
calls=1 -9 
* 24
+4 5
+1 3
+2 4

fl=(53)
fn=(198)
0 11

fl=(111)
fn=(538)
227 156816
+26 34848
+22 17424
-1 17424
+10 69696
+9 121968
+1 17424
-1 69696
+2 34848
+5 34848
+5 17424
-6 17424
+6 17424
+4 34848
+10 34848
+10 52272
526 139392
326 34848
-79 17424
371 17424
+64 69696
+38 17424
-18 17424
-4 17424
+22 17424
-19 17424
-3 17424
+4 17424
-4 17424
+4 34848
-4 34848
-14 244506
-4 163004
+2 343432
+44 34848
+5 34848
+6 34848
+3 52272
-28 244506
+3 380978
+5 81502
+1 326008
+17 52272
+17 34848
348 69696

fl=(91)
fn=(428) _IO_default_uflow
413 3
-1 6
+1 3
cfi=(92)
cfn=(430)
calls=3 539 
* 487
+1 6
+2 8
+1 6

fn=(644) _IO_flush_all_lockp
760 8
+6 3
+11 2
+16 2
-17 2
-1 2
+1 3
-1 1
+1 1
+3 9
+10 6
+4 3
-2 3
+2 6
+7 3
-27 6
+31 2
+2 2
+4 9
-38 1
-6 1
+5 1
+2 2
+6 12

fn=(402)
98 6
-1 2
+3 2
-3 1
+5 1
-2 1
+2 5
+1 10
+2 1
-2 1
+1 1
+1 1
-2 1
+2 1
-2 1
+2 13
+2 1
-2 1
+4 1
+2 1
-3 1
-1 1
+4 7
+2 1
-1 1
+1 8
+1 2
+3 5
-6 7

fn=(426)
348 3
+2 10
+6 18
+3 6
+2 6
+6 6
+7 6
+1 3
-1 6
cfn=(428)
calls=3 +39 
* 519
-24 4
+22 9

fn=(488)
60 4
-1 4
+5 6
+1 10
+2 1
-2 1
+1 1
+1 1
-2 1
+2 1
-2 1
+2 13
+2 1
-2 3
+2 2
+2 2
+13 1
+2 1
-2 1
+2 8
+2 1
-1 1
+1 8
+1 2
+3 5
-6 7
-13 1
+1 1
-1 2

fn=(492)
1049 1
-2 1
+2 1
+19 3
+2 1

fn=(574)
230 3
+2 3
cfi=(92)
cfn=(560)
calls=1 808 
* 140

fn=(398) _IO_old_init
586 1
-16 1
+1 1
+15 1
+5 1
-21 1
+2 1
+1 1
+1 1
+17 1
-16 1
+1 1
+1 1
+1 1
+1 1
+1 1
+2 1
+1 1
+1 1
+1 1
+6 1
+1 4

fn=(396)
599 9
+1 1
cfn=(398)
calls=1 -14 
* 25
+3 1
-2 1
+2 1
+2 1
+1 1
+1 1
+1 1
+1 1
+1 1
+1 1
+1 1
+1 1
+1 1
+1 1
+1 1
+2 1
+7 1
+1 6

fn=(432)
395 4
-1 6
+3 8
+1 6
cfi=(96)
cfn=(434)
calls=2 95 
* 592
* 4
+3 8

fn=(440)
380 9
+1 14
+3 3
+2 12
-3 3
+3 6
+3 12
-7 1
cob=(2)
cfi=(16)
cfn=(496)
calls=1 0 
* 133
* 5

fn=(442)
176 6
-1 6
+1 3
+3 9
+5 3
-1 6
+1 3
+7 3
-4 3
+2 6
+2 3
+1 3
+1 6

fn=(568)
425 2
-3 10
+8 4
+2 3
+3 2
+10 3
+5 3
-1 2
+1 3
-1 2
+2 3
+2 1
+2 2
+4 1
+1 1
-1 1
+1 5

fn=(642)
948 2
+3 1
-3 2
-50 1
+50 1
+3 1
cfn=(644)
calls=1 760 
* 90
-63 1
+63 1
-63 2
+10 3
+8 5
+2 2
+2 1
+1 1
-1 1
+2 2
+3 5
cfi=(92)
cfn=(646)
calls=1 450 
* 66
+2 3
+4 2
+7 3
-40 9
+2 6
+2 7
+6 12
+65 7
-42 3
+1 8

fn=(648)
522 4
+1 1
-1 2
+1 1
cfi=(92)
cfn=(590)
calls=1 868 
* 13
* 2
+9 1
-7 1
+7 1
-7 1
388 1
-5 1
+1 1
+4 1
535 1
+2 1
-2 2
+1 3
+2 4
381 1
527 1
+1 1
-1 1
+1 1
381 4

fn=(504)
639 4
+2 3
+6 3
+3 3
60 2
662 4

fl=(116)
fn=(562)
24 1
+3 2
cfi=(117) /build/glibc-Cl5G7W/glibc-2.23/termios/../sysdeps/unix/sysv/linux/tcgetattr.c
cfn=(564) tcgetattr
calls=1 +7 
* 18
* 2
+1 1
-1 1
+1 1

fl=(117)
fn=(564)
34 2
+4 3
-4 1
+4 8
+39 4

fl=(68)
fn=(266)
134 7
+4 1
-4 3
+4 3
+82 1
-82 1
+82 1
+1 4
cfi=(69)
cfn=(268)
calls=1 57 
* 60
+22 4
+3 2
+1 5
cob=(5)
cfi=(65)
cfn=(272) __libc_csu_init
calls=1 0 
* 55
+4 4
+15 2
+12 2
cfi=(70)
cfn=(286)
calls=1 30 
* 30
+1 2
+5 2
+1 2
+3 2
+3 6
cob=(5)
cfi=(65)
cfn=(292) main
calls=1 0 
* 5518014
138 2

fl=(49)
fn=(184)
27 8
+4 8
-3 8

ob=(5)
fl=(65)
fn=(418) bb_get_chunk_from_file
0 11011
cob=(3)
cfi=(95)
cfn=(424)
calls=1000 36 
0 7102
cob=(1)
cfi=(66)
cfn=(261)
calls=1 64 
0 1275
0 1005
0 11318
cob=(3)
cfi=(95)
cfn=(424)
calls=5659 36 
0 39719
0 5659
0 36298
cfn=(450) xrealloc
calls=1000 0 
0 332362
0 55618
cfn=(450)
calls=1000 0 
0 255816
0 9007

fn=(528)
0 130680
cob=(3)
cfi=(109)
cfn=(534)
calls=8711 26 
0 1754770
cob=(1)
cfi=(66)
cfn=(261)
calls=1 64 
0 975
0 8716
0 26136
cob=(3)
cfi=(109)
cfn=(534)
calls=8712 26 
0 1753977
0 8712
0 34893
cob=(3)
cfi=(112)
cfn=(546)
calls=8 24 
0 215
cob=(1)
cfi=(66)
cfn=(261)
calls=1 64 
0 854
0 13
0 87120

fn=(324) sort_main
0 22
cfn=(326) getopt32
calls=1 0 
0 4843
0 13
cfn=(362) xfopen_stdin
calls=1 0 
0 1639
0 6
cfn=(416) xmalloc_fgetline
calls=1 0 
0 2842
0 3000
cfn=(416)
calls=1000 0 
0 778356
0 7002
cfn=(470) xrealloc_vector_helper
calls=1000 0 
0 33170
0 7003
cfn=(474) fclose_if_not_stdin
calls=1 0 
0 2362
0 8
cob=(1)
cfi=(66)
cfn=(261)
calls=1 64 
0 4051390
0 5
0 9011
cob=(3)
cfi=(113)
cfn=(552)
calls=999 26 
0 550110
cob=(1)
cfi=(66)
cfn=(261)
calls=1 64 
0 1905
0 1004
0 1002
cfn=(582) fflush_stdout_and_exit
calls=1 0 
0 2730

fn=(346) overlapping_strcpy
0 19

fn=(366) fopen_or_warn
0 4
cob=(1)
cfi=(66)
cfn=(261)
calls=1 64 
0 1612
0 5
0 5

fn=(364) fopen_or_warn_stdin
0 7
cfn=(366)
calls=1 0 
0 1626

fn=(362)
0 2
cfn=(364)
calls=1 0 
0 1633
0 4

fn=(612) 0x0000000000400ca0
0 8

fn=(328) string_array_len
0 14

fn=(278) 0x0000000000400d30
0 15

fn=(470)
0 11112
cfn=(450)
calls=16 0 
0 8626
0 13432

fn=(326)
0 21
cfn=(328)
calls=1 0 
0 14
0 343
cob=(1)
cfi=(66)
cfn=(261)
calls=1 64 
0 899
0 5
0 7
cob=(1)
cfi=(66)
cfn=(261)
calls=1 64 
0 861
0 5
0 326
cfn=(346)
calls=1 0 
0 19
0 739
cob=(3)
cfi=(82)
cfn=(352)
calls=1 64 
0 116
cob=(1)
cfi=(66)
cfn=(261)
calls=1 64 
0 1321
0 6
0 161

fn=(608)
0 5
cfn=(612)
calls=1 0 
0 8
0 3

fn=(292)
0 8
cob=(1)
cfi=(66)
cfn=(261)
calls=1 64 
0 59408
0 5
0 3
cob=(3)
cfi=(73)
cfn=(298)
calls=1 4753 
0 154
0 1
0 5
cfn=(314) is_prefixed_with
calls=1 0 
0 7
0 6
cfn=(316) lbb_prepare
calls=1 0 
0 988
0 6
cfn=(324)
calls=1 0 
0 5457423

fn=(314)
0 7

fn=(316)
0 6
cob=(1)
cfi=(66)
cfn=(261)
calls=1 64 
0 966
0 5
0 11

fn=(272)
0 16
cob=(2)
cfi=(16)
cfn=(274)
calls=1 0 
0 6
0 7
cfn=(278)
calls=1 0 
0 15
0 11

fn=(594) xfunc_die
0 6
cob=(1)
cfi=(66)
cfn=(261)
calls=1 64 
0 1731
0 5

fn=(252)
0 11
cob=(1)
cfi=(66)
cfn=(260)
calls=1 64 
0 5519154
0 5

fn=(416)
0 3003
cfn=(418)
calls=1001 0 
0 766190
0 12005

fn=(450)
0 6048
cob=(3)
cfi=(73)
cfn=(456)
calls=2015 2974 
0 579552
cob=(1)
cfi=(66)
cfn=(261)
calls=1 64 
0 1120
0 2020
0 8064

fn=(474)
0 5
cob=(1)
cfi=(66)
cfn=(261)
calls=1 64 
0 934
0 5
0 7
cob=(1)
cfi=(66)
cfn=(261)
calls=1 64 
0 1400
0 5
0 6

fn=(582)
0 4
cob=(1)
cfi=(66)
cfn=(261)
calls=1 64 
0 976
0 5
0 3
cfn=(594)
calls=1 0 
0 1742

totals: 5612135
